1554899112.788057
1554899147.638561
1554899215.7793
1554899417.402192
1554899505.482393
1554899584.569033
1554899625.130451
1554899674.152159
1554899839.18709
1554899859.511751
1554899873.287559
1554899880.517147
1554899913.889434
1554900033.51298
1554900070.439808
1554900114.171557
1554900150.252709
1554900159.726596
1554900216.863898
1554900325.511257
1554900374.204389
1554900483.536335
1554900554.266966
1554900882.888057
1554901001.208651
1554901013.122133
1554901121.203999
1554901138.56906
1554901155.124753
1554901226.300118
1554901318.365619
1554901383.771367
1554901462.876511
1554901531.582704
1554901554.28501
1554901632.047412
1554901641.371808
1554901718.063855
1554901747.716274
1554901926.209627
1554901983.293864
1554902032.531456
1554902044.796844
1554902069.89171
1554902097.153674
1554902149.039181
1554902213.385511
1554902219.39709
1554902389.682687
1554902395.693695
1554902427.353779
1554902703.269072
1554902809.938732
1554902839.449254
1554902874.906113
1554902984.499254
1554903008.907326
1554903457.244025
1554903464.451674
1554903519.539299
1554903538.88811
1554903550.026462
1554903661.400425
1554903883.562607
1554903969.628374
1554904118.370876
1554904158.653661
1554904317.248301
1554904405.047327
1554904511.629818
1554904641.743781
1554904907.740582
1554904958.642736
1554905065.429544
1554905091.614515
1554905151.821433
1554905203.011556
1554905288.001775
1554905309.795795
1554905316.988519
1554905431.439199
1554905452.994185
1554905485.517515
1554905561.619423
1554905578.807371
1554905594.72259
1554905637.539436
1554905649.041789
1554905870.156995
1554905914.749801
1554906007.629494
1554906097.193491
1554906121.428388
1554906185.957229
1554906231.936323
1554906395.742153
1554906447.178273
1554906453.190276
1554906493.444769
1554906635.669787
1554906693.035313
1554906731.642355
1554906743.194613
1554906777.115758
1554906834.176692
1554907018.871324
1554907168.08408
1554907180.34933
1554907215.035002
1554907285.529487
1554907469.062912
1554907679.907917
1554907751.57634
1554907838.646763
1554907880.912274
1554907902.878152
1554907916.039087
1554907986.155406
1554908033.674499
1554908077.842745
1554908299.684589
1554908382.761619
1554908433.495259
1554908481.330122
1554908551.090375
1554908560.660049
1554908571.548536
1554908646.778394
1554908672.90283
1554908776.501594
1554908831.565776
1554908867.678215
1554909141.489906
1554909175.745738
1554909181.758745
1554909222.48586
1554909381.60379
1554909440.756968
1554909450.480851
1554909622.098325
1554909630.308722
1554909818.170655
1554909856.844075
1554909866.805275
1554909884.854733
1554909890.866226
1554909959.961891
1554910209.11905
1554910301.503603
1554910361.130783
1554910399.625268
1554910405.637504
1554910498.232684
1554910570.920622
1554910626.595975
1554910632.6037
1554910680.564536
1554910763.981958
1554910772.333032
1554910823.288405
1554910944.424811
1554911235.467296
1554911264.129973
1554911287.328534
1554911387.386449
1554911521.906757
1554911545.449592
1554911653.154727
1554911659.166558
1554911679.201658
1554911704.874398
1554911730.014149
1554911800.118882
1554911890.712845
