1553334589.934295
1553334602.185266
1553334615.725032
1553334671.757054
1553334766.495506
1553334979.47008
1553335371.269601
1553335473.869321
1553335533.059473
1553335717.296171
1553335849.968358
1553335969.096048
1553336008.490759
1553336086.992844
1553336119.303332
1553336263.338869
1553336269.346241
1553336428.483903
1553336448.27148
1553336475.576825
1553336703.859291
1553336757.038482
1553336789.659851
1553336915.297866
1553337047.059209
1553337056.455831
1553337136.0764
1553337178.558757
1553337237.52678
1553337427.27052
1553337494.688647
1553337502.399065
1553337572.718582
1553337643.12861
1553337698.704476
1553337803.634398
1553337910.314417
1553337925.547198
1553337943.779255
1553337997.581771
1553338195.621011
1553338282.515223
1553338700.653053
1553338769.410888
1553338933.329765
1553338948.630193
1553338984.862782
1553339099.333343
1553339119.991162
1553339337.478002
1553339359.88346
1553339397.095232
1553339666.026704
1553339674.125495
1553339826.662119
1553339877.411558
1553339904.122778
1553339937.77571
1553340103.104122
1553340233.293641
1553340253.711396
1553340412.472194
1553340480.214698
1553340547.890818
1553340703.744851
1553340715.218419
1553340828.963599
1553340837.231777
1553340888.076328
1553340920.048107
1553340989.346447
1553341128.259978
1553341158.598572
1553341181.759601
1553341215.680674
1553341458.04
1553341497.977398
1553341576.790214
1553341594.660217
1553341716.983386
1553341994.789265
1553342063.729909
1553342070.786404
1553342121.651153
1553342130.754186
1553342260.185645
1553342289.895777
1553342372.199484
1553342628.347913
1553342636.442994
1553342651.620615
1553342678.760936
1553342809.445019
1553342886.883547
1553342956.085385
1553342975.486711
1553342997.742652
1553343128.771573
1553343178.737556
1553343259.563035
1553343273.97858
1553343323.996148
1553343379.074263
1553343485.528035
1553343491.53689
1553343705.328889
1553343825.523741
1553343953.59288
1553344028.88853
1553344134.765615
1553344223.098196
1553344249.743499
1553344276.951656
1553344301.064531
1553344373.160684
1553344451.83529
1553344610.127586
1553344753.782973
1553344776.160429
1553344983.124365
1553345002.39626
1553345021.547644
1553345065.911863
1553345083.954963
1553345168.503831
1553345215.201185
1553345299.943621
1553345422.761851
1553345432.078573
1553345533.650704
1553345544.756509
1553345588.973536
1553345620.21647
1553345665.234739
1553345733.804743
1553345830.140428
1553345990.020835
1553346051.364309
1553346059.465467
1553346072.317716
1553346091.566666
1553346099.667485
1553346319.830103
1553346326.887444
1553346360.754074
1553346467.617619
1553346775.13383
1553346864.603855
1553346870.615526
1553346908.309567
