1555331175.243337
1555331193.826945
1555331342.334912
1555331458.226833
1555331681.651946
1555331814.252019
1555331823.166918
1555331832.959478
1555331886.722365
1555331894.576878
1555332150.049537
1555332296.394965
1555332311.919777
1555332433.823196
1555332593.031051
1555332603.347419
1555332678.579538
1555332872.599761
1555332992.64817
1555333187.527745
1555333204.761651
1555333357.396529
1555333481.373657
1555333622.237988
1555333676.50588
1555333783.245541
1555333986.482228
1555334098.001842
1555334255.875221
1555334426.51181
1555334476.41719
1555334604.417281
1555334822.17882
1555334865.717096
1555335090.996561
1555335175.377374
1555335263.903663
1555335361.177189
1555335451.785275
1555335639.283293
1555335687.787229
1555335750.263369
1555335936.557846
1555336072.197726
1555336121.004851
1555336528.374259
1555336536.286545
1555336586.686734
1555336629.493394
1555336790.911419
1555336986.64727
1555337082.160523
1555337091.799572
1555337208.5509
1555337243.44796
1555337380.100128
1555337428.412988
1555337567.404352
1555337832.19738
1555337848.314439
1555338285.104909
1555338297.444362
1555338309.614615
1555338323.045289
1555338342.971935
1555338348.983302
1555338439.407325
1555338449.042606
1555338459.375946
1555338512.926375
1555338746.510607
1555338803.219807
1555338925.378272
1555338945.918656
1555338956.651963
1555339147.60423
1555339288.131647
1555339387.599856
1555339442.996216
1555339450.955822
1555339466.93981
1555339757.995891
1555339808.977167
1555339825.413047
1555339874.364778
1555339963.211587
1555340003.031913
1555340021.100309
1555340042.125641
1555340338.622906
1555340348.477187
1555340523.442486
1555340558.24434
1555340652.259139
1555340763.197542
1555340809.622185
1555340835.333858
1555340885.795325
1555341156.864501
1555341306.476781
1555341360.205249
1555341448.489571
1555341462.716013
1555341511.926371
1555341536.410006
1555341702.797529
1555341832.368761
1555341869.875697
1555341880.430032
1555342050.696554
1555342077.757778
1555342255.41332
1555342272.500555
1555342325.884645
1555342365.577758
1555342380.215302
1555342458.648861
1555342870.432269
1555342926.766537
1555342973.444105
1555343087.186348
1555343130.169179
1555343262.673395
1555343300.828076
1555343458.290854
1555343498.941876
1555343683.607845
1555343689.619332
1555343695.630727
1555343783.659637
1555343846.217647
1555343919.778475
1555344008.474007
1555344341.594305
1555344351.454429
