1550491468.552404
1550491520.95211
1550491526.96387
1550491532.975786
1550491563.115131
1550491579.336206
1550491724.511983
1550491746.290098
1550491858.921152
1550491912.661222
1550491942.540624
1550492044.634324
1550492227.790537
1550492249.771172
1550492317.309978
1550492327.404483
1550492467.695401
1550492700.560034
1550493018.469867
1550493113.283044
1550493249.858661
1550493258.935073
1550493366.715834
1550493414.758552
1550493561.737451
1550493788.279919
1550494011.450619
1550494021.19832
1550494032.819261
1550494042.347596
1550494085.491167
1550494154.192231
1550494275.094156
1550494601.175566
1550494834.701303
1550494840.708536
1550494915.830882
1550495236.854264
1550495264.591505
1550495270.603088
1550495478.108748
1550495557.353201
1550495616.699566
1550495628.568122
1550495710.579067
1550495873.753982
1550495879.76584
1550495913.526641
1550495983.220866
1550496129.687316
1550496175.81253
1550496217.657579
1550496233.695965
1550496244.310957
1550496371.909448
1550496395.182986
1550496479.678786
1550496617.391775
1550496701.885361
1550496821.980443
1550496949.388305
1550497089.003228
1550497147.188947
1550497255.119817
1550497485.566554
1550497700.090095
1550497729.345771
1550497772.087367
1550497850.299733
1550497945.243736
1550498186.56843
1550498228.985872
1550498361.107543
1550498462.486094
1550498478.083925
1550498538.600512
1550498854.100385
1550498884.12711
1550498925.204259
1550498950.02645
1550498957.791574
1550498996.328083
1550499060.473922
1550499203.331355
1550499282.677925
1550499302.503431
1550499328.336035
1550499339.757186
1550499933.205723
1550499994.434901
1550500093.91238
1550500117.746003
1550500137.787054
1550500485.014656
1550500506.94097
1550500588.348943
1550500692.433834
1550500755.389832
1550500941.947563
1550500956.702662
1550501044.914744
1550501145.573643
1550501182.735526
1550501381.351703
1550501405.402175
1550501444.60432
1550501465.031625
1550501502.425481
1550501670.21735
1550501715.940135
1550501747.8962
1550501891.537874
1550501899.429782
1550501909.303011
1550502060.291678
1550502160.861976
1550502258.562096
1550502264.573819
1550502469.350322
1550502529.293845
1550502650.932678
1550502684.393734
1550502806.325829
1550502837.241141
1550502859.859318
1550502921.636907
1550502933.167833
1550502990.255991
1550503192.436795
1550503201.283018
1550503269.158365
1550503311.187332
1550503344.270826
1550503673.71851
1550503856.392018
1550503901.708485
1550503939.939307
1550504001.67924
1550504007.690967
1550504023.390317
1550504309.835468
1550504361.001281
1550504521.380703
1550504716.288016
1550504738.611408
1550504773.071946
1550504831.162297
1550504900.302888
1550505081.351836
1550505112.922424
1550505122.395251
1550505128.402393
1550505188.850984
1550505205.157542
1550505211.166283
1550505239.83795
1550505329.318453
