1553258897.722753
1553258942.5836
1553258995.859438
1553259018.226224
1553259154.305023
1553259216.952539
1553259287.802002
1553259377.131604
1553259517.111221
1553259540.881907
1553259597.152522
1553259608.181035
1553259713.479553
1553259750.769903
1553259885.76413
1553259891.776462
1553260083.161488
1553260102.063119
1553260203.804729
1553260214.983141
1553260461.420197
1553260548.512713
1553260705.553045
1553260799.056604
1553260876.362668
1553260908.569221
1553260991.892515
1553260998.945451
1553261109.148269
1553261125.450411
1553261164.954659
1553261176.366739
1553261193.160191
1553261302.216346
1553261331.267532
1553261353.921553
1553261381.007073
1553261394.827974
1553261400.839872
1553261441.697726
1553261474.436458
1553261500.292931
1553261507.348032
1553261569.083258
1553261716.618836
1553261745.660371
1553261779.127589
1553261878.046033
1553261999.660922
1553262227.287971
1553262235.889905
1553262439.259394
1553262535.757998
1553262636.443588
1553262683.544196
1553262710.558266
1553262776.143671
1553262842.445237
1553262879.638501
1553263032.103345
1553263253.108008
1553263335.304729
1553263341.316488
1553263548.481827
1553263557.620664
1553263628.742157
1553263655.474183
1553263733.984852
1553263741.033404
1553263784.373669
1553263858.757871
1553263919.948741
1553263938.147305
1553263949.000728
1553264027.750618
1553264074.158769
1553264088.067127
1553264112.799134
1553264202.764579
1553264255.767872
1553264294.136647
1553264356.491305
1553264398.416311
1553264414.476799
1553264445.86545
1553264545.042411
1553264553.088931
1553264611.917011
1553264759.249161
1553264841.636247
1553264889.547014
1553264895.554126
1553265008.761548
1553265137.60327
1553265336.375774
1553265430.590232
1553265457.27809
1553265660.811328
1553265794.540232
1553265807.618645
1553265931.314832
1553265979.061565
1553266083.618785
1553266154.733019
1553266175.284505
1553266261.336282
1553266298.510753
1553266402.187492
1553266475.40971
1553266491.780492
1553266523.8336
1553266667.625499
1553266787.633472
1553266919.378891
1553266926.428538
1553267093.799555
1553267105.615324
1553267428.412649
1553267496.557267
1553267562.086691
1553267581.548642
1553267587.560417
1553267618.057585
1553267778.700282
1553267812.396629
1553268082.276441
1553268132.401398
1553268152.853837
1553268206.4111
1553268308.939736
1553268402.004826
1553268460.266942
1553268625.958405
1553268731.687296
1553268803.988318
1553268874.821329
1553268883.640543
1553269037.478337
1553269307.897054
1553269652.066274
1553269825.547747
1553269976.017661
1553270168.008323
1553270188.192753
1553270241.803155
1553270329.580008
1553270659.647942
1553270795.92875
1553270808.145193
1553270831.058962
1553270938.129896
1553271008.382566
