1553767543.786909
1553767577.891841
1553767600.590585
1553767606.602389
1553767696.662852
1553767723.542497
1553767838.439729
1553767872.139961
1553767879.244599
1553768171.28959
1553768178.33866
1553768304.524101
1553768311.571812
1553768337.354162
1553768356.76366
1553768424.464234
1553768431.517886
1553768457.175926
1553768471.171948
1553768477.183861
1553768598.109122
1553768705.436523
1553768718.373731
1553768809.101223
1553768913.482034
1553768982.538963
1553769065.610425
1553769304.673201
1553769321.74962
1553769345.995818
1553769417.324543
1553769426.423457
1553769459.465648
1553769481.707534
1553769511.840648
1553769600.097086
1553769797.045591
1553769864.195615
1553769906.008332
1553769941.015583
1553770018.366325
1553770115.481022
1553770176.752011
1553770195.979074
1553770340.131423
1553770425.757551
1553770515.30118
1553770545.926374
1553770567.944661
1553770588.978079
1553770771.465569
1553770910.710753
1553770931.621636
1553771044.644467
1553771068.247904
1553771139.813876
1553771243.022341
1553771324.997555
1553771331.009545
1553771342.166123
1553771526.325579
1553771558.980401
1553771574.911185
1553771777.058924
1553771888.939088
1553772004.064194
1553772099.237788
1553772134.159757
1553772605.629137
1553772666.741581
1553772823.03709
1553772836.238223
1553772957.728903
1553773038.597157
1553773228.743433
1553773236.774226
1553773291.931565
1553773518.268618
1553773525.315141
1553773532.365726
1553773800.730175
1553773890.721897
1553773927.742817
1553773944.151093
1553773974.071408
1553773997.162592
1553774266.609487
1553774346.268448
1553774393.30523
1553774424.917451
1553774544.587534
1553774584.821161
1553774743.903363
1553774956.199314
1553774994.782326
1553775045.586176
1553775145.059046
1553775224.271796
1553775454.390448
1553775460.399049
1553775528.118298
1553775877.236118
1553776084.299961
1553776108.506209
1553776140.794197
1553776218.076707
1553776271.851656
1553776338.963936
1553776390.212057
1553776457.241758
1553776515.349457
1553776536.883315
1553776577.671786
1553776586.23785
1553776651.037759
1553776713.162934
1553776764.755566
1553776772.857073
1553776790.439886
1553776968.308127
1553777026.433478
1553777233.704919
1553777285.258633
1553777396.325285
1553777423.882451
1553777520.416374
1553777610.010839
1553777791.092913
1553777843.756199
1553777882.852253
1553777926.302871
1553777949.952812
1553778051.7544
1553778139.222706
1553778160.489885
1553778320.126839
1553778393.197464
1553778425.140035
1553778509.241917
1553778725.97454
1553778924.398919
1553779049.51159
1553779227.875427
1553779377.309511
1553779466.894149
