1554945929.653168
1554945972.92205
1554946023.840361
1554946086.868171
1554946188.016535
1554946292.561304
1554946366.936568
1554946392.549586
1554946513.430294
1554946859.40891
1554946916.248756
1554946991.056315
1554947083.188474
1554947126.960251
1554947149.303147
1554947269.828656
1554947295.789858
1554947410.359597
1554947494.43343
1554947674.034221
1554947845.736856
1554947851.748478
1554948045.959136
1554948299.619996
1554948399.863255
1554948423.289421
1554948536.925275
1554948560.433073
1554948566.444689
1554948656.233151
1554948753.818832
1554948952.3464
1554948972.052757
1554949098.32279
1554949112.416532
1554949119.800258
1554949185.680604
1554949347.167048
1554949370.136575
1554949523.438304
1554949643.61204
1554949703.731504
1554949712.81753
1554949785.228987
1554949798.635658
1554949831.601817
1554949853.978701
1554949892.261393
1554949941.102599
1554950000.282435
1554950011.279382
1554950026.043816
1554950036.239506
1554950210.471366
1554950288.956545
1554950356.748968
1554950473.395884
1554950479.407256
1554950535.184315
1554950770.566151
1554951233.233638
1554951260.807744
1554951297.814705
1554951329.556686
1554951522.499549
1554951699.095669
1554951753.362439
1554951944.360888
1554952219.130845
1554952267.735938
1554952357.238908
1554952381.445771
1554952416.201558
1554952428.710947
1554952511.06372
1554952659.219736
1554952700.854343
1554952777.452469
1554952850.258954
1554952887.470129
1554952982.655919
1554953159.667129
1554953316.369794
1554953350.629887
1554953358.868698
1554953412.312603
1554953420.936132
1554953429.18025
1554953436.455983
1554953484.842475
1554953610.131409
1554953657.085445
1554953710.104111
1554953717.354489
1554953955.587325
1554954029.836416
1554954179.578578
1554954191.121492
1554954231.875497
1554954331.34788
1554954359.950124
1554954407.846523
1554954424.604856
1554954567.047457
1554954607.638055
1554954668.372914
1554954865.351415
1554954913.989597
1554954965.08505
1554955134.938896
1554955167.688528
1554955264.80806
1554955496.182026
1554955506.065879
1554955612.32216
1554955704.113132
1554955753.98211
1554955870.90406
1554955887.517087
1554956067.714975
1554956124.317219
1554956266.121245
1554956273.313705
1554956341.050655
1554956375.450661
1554956448.754766
1554956564.693839
1554956584.479535
1554956716.703227
1554956773.979796
1554957026.147
1554957092.814591
1554957103.507565
1554957114.745855
1554957131.028654
1554957179.038333
1554957203.585866
1554957288.032863
1554957341.230634
1554957404.203532
1554957463.538157
1554957533.478567
1554957579.528086
1554957664.032299
1554957688.860946
1554957701.393128
1554957749.978299
1554957827.667375
1554957919.375227
1554958082.827065
1554958369.598187
1554958442.282857
1554958455.825629
1554958498.496903
