1554859754.300391
1554859798.465983
1554859814.005016
1554859891.992046
1554859933.556133
1554860367.747766
1554860596.570997
1554860689.033895
1554860732.336349
1554860883.78639
1554860897.862305
1554861034.050322
1554861125.803726
1554861244.616241
1554861320.025315
1554861352.705881
1554861373.809326
1554861419.245824
1554861431.398078
1554861471.151868
1554861507.511939
1554861523.580732
1554861536.428277
1554861549.61675
1554861777.595731
1554861817.98077
1554861943.190124
1554862007.737208
1554862052.285482
1554862204.420726
1554862242.405404
1554862289.498258
1554862322.627932
1554862369.432861
1554862458.290967
1554862464.302809
1554862513.338834
1554862796.152821
1554862810.58679
1554862896.647667
1554862931.05613
1554863006.238788
1554863021.837689
1554863032.489219
1554863077.407666
1554863139.390755
1554863248.690712
1554863254.703326
1554863280.293724
1554863291.715406
1554863514.857119
1554863528.478377
1554863580.144441
1554863642.401526
1554863700.921653
1554863706.933889
1554863979.142967
1554864092.146936
1554864101.957604
1554864131.971472
1554864179.499963
1554864191.762065
1554864387.507552
1554864574.865794
1554864684.886583
1554864789.649774
1554864897.820991
1554865032.824435
1554865135.77477
1554865334.999293
1554865383.75083
1554865546.042765
1554865635.447925
1554865662.547336
1554865691.503447
1554865832.153448
1554865857.613465
1554865931.888038
1554865997.290122
1554866072.88672
1554866137.302464
1554866174.245783
1554866460.820773
1554866482.988702
1554866558.963029
1554866619.074122
1554866644.160805
1554866669.249316
1554866705.447719
1554866747.259425
1554866806.343111
1554866837.646133
1554866988.372075
1554866996.229182
1554867389.040001
1554867441.604724
1554867471.117177
1554867653.93249
1554867765.060411
1554867771.073407
1554867783.92976
1554868143.271595
1554868150.512126
1554868214.252594
1554868307.333634
1554868379.964334
1554868450.61624
1554868511.427924
1554868635.63513
1554868801.26255
1554868991.952202
1554869000.603991
1554869050.832956
1554869104.598748
1554869185.605656
1554869323.068035
1554869453.841125
1554869599.835503
1554869659.848689
1554869681.400093
1554869797.584839
1554869859.951332
1554869950.602161
1554870032.836144
1554870227.937381
1554870235.234486
1554870352.532526
1554870740.766914
1554870827.286786
1554870841.200489
1554870847.212836
1554870853.224579
1554870911.417935
1554871020.141827
1554871162.562454
1554871224.077665
1554871284.686338
1554871362.483888
1554871646.976491
1554871758.184604
1554871803.389733
1554871885.043339
1554871965.189371
1554871998.851777
1554872069.266177
1554872102.410956
1554872108.422531
1554872194.961799
1554872251.014508
