1550457089.1221974
1550457094.7620902
1550457097.9342825
1550457101.0777888
1550457129.6612265
1550457142.1052895
1550457162.176731
1550457178.1929798
1550457200.9759822
1550457202.7297323
1550457221.5186348
1550457252.3028877
1550457290.3899734
1550457292.4958599
1550457296.7774358
1550457310.9841971
1550457327.1478908
1550457346.91356
1550457357.9330304
1550457361.0915165
1550457377.1382766
1550457399.1945431
1550457425.3842843
1550457430.1882522
1550457437.5195794
1550457451.4433348
1550457453.5469239
1550457534.5134137
1550457539.7992034
1550457569.1960194
1550457569.2453337
1550457571.8839574
1550457577.717478
1550457604.67253
1550457610.7230074
1550457619.9857345
1550457650.8653092
1550457673.3926163
1550457676.6915889
1550457690.1998444
1550457693.7784998
1550457699.5509586
1550457733.105054
1550457735.828881
1550457738.3311732
1550457751.155181
1550457767.0567749
1550457777.7901971
1550457783.6302168
1550457783.681054
1550457813.0182874
1550457825.1296167
1550457839.1513877
1550457856.343186
1550457871.584008
1550457908.437287
1550457913.7118468
1550457926.147751
1550457970.7631674
1550458018.832971
1550458027.4694045
1550458051.6299384
1550458080.843054
1550458090.8697553
1550458102.0578525
1550458115.012755
1550458138.2313287
1550458177.303007
1550458196.9959607
1550458208.2735105
1550458217.9760132
1550458221.8626466
1550458223.610336
1550458238.9525003
1550458252.1767404
1550458298.0006752
1550458301.2648532
1550458303.9574792
1550458316.3522499
1550458317.8877108
1550458321.9400287
1550458329.0899627
1550458332.8464503
1550458334.5020266
1550458338.3136442
1550458339.3938873
1550458371.9915872
1550458378.834943
1550458385.7452056
1550458389.4731476
1550458400.1527436
1550458449.2259188
1550458464.5732028
1550458465.925044
1550458482.4171124
1550458496.062107
1550458535.2359679
1550458567.6326437
1550458569.0556123
1550458579.8776987
1550458620.3798103
1550458635.381692
1550458652.6148694
1550458678.785951
1550458682.6195529
1550458694.0934381
1550458710.1860454
1550458713.7141707
1550458722.1303382
1550458723.5111182
1550458729.0050068
1550458754.7041337
1550458758.0104308
1550458806.2324502
1550458818.4982212
1550458827.494219
1550458835.8864799
1550458840.111137
1550458864.2002196
1550458872.1930826
1550458888.4333086
1550458893.795154
1550458902.7866764
1550458906.9269862
1550458916.9528897
1550458939.8024783
1550458951.5068297
1550458987.691871
1550458989.3271873
1550459032.5855148
1550459068.4334922
1550459084.9910157
1550459103.0100114
1550459128.9198
1550459131.0770621
1550459148.4354827
1550459169.319469
1550459179.5561802
1550459191.3292012
1550459192.7877827
1550459193.8388093
1550459212.5003378
1550459214.6324158
1550459251.8676028
1550459257.7127929
1550459302.9936075
1550459314.1874685
1550459319.5727193
1550459333.952672
1550459350.2511153
1550459371.3928063
1550459385.20763
1550459393.1675725
1550459405.2896452
1550459408.7112966
1550459420.8185503
1550459424.290358
1550459430.9257653
1550459452.773338
1550459472.927163
1550459500.8275328
1550459528.3297846
1550459529.9155192
1550459575.7912736
1550459588.1109202
1550459615.2715712
1550459619.2147095
1550459654.334664
1550459658.9247687
1550459666.3512917
1550459666.399111
1550459732.0116842
1550459733.3934765
1550459747.0211327
1550459748.114945
1550459792.1153653
1550459805.2979794
1550459822.0066957
1550459839.2976077
1550459851.4002378
1550459853.9067297
1550459867.9157104
1550459874.22349
1550459885.7791245
1550459888.483573
1550459892.194995
1550459919.0729315
1550459944.5045812
1550459947.694875
1550459953.5715632
1550459963.132779
1550459972.9112408
1550459981.5646966
1550459983.3456142
1550459986.4795563
1550459989.7087395
1550459995.0212498
1550460002.8657382
1550460014.4372144
1550460029.4994771
1550460041.3130138
1550460042.4345694
1550460043.7975159
1550460056.235853
1550460059.4333065
1550460064.6555552
1550460066.8202815
1550460076.8370063
1550460083.5453165
1550460094.5550792
1550460109.7205174
1550460130.020309
1550460145.7234812
1550460151.412301
1550460188.3439958
1550460194.4512746
1550460199.2116067
1550460200.5959332
1550460200.888453
1550460203.5568535
1550460240.9973829
1550460275.633237
1550460289.2678573
1550460306.8743808
1550460310.6252835
1550460325.4850893
1550460352.676922
1550460366.667296
1550460371.018437
1550460405.0714493
1550460407.712903
1550460409.4105744
1550460451.5024168
1550460451.5651765
1550460465.312563
1550460466.6962283
1550460491.6886685
1550460513.8168592
1550460516.280978
1550460541.1558156
1550460553.1820598
1550460564.8339558
1550460568.4033577
1550460628.7545931
1550460644.8433836
1550460660.0138042
1550460674.4550006
1550460692.8373253
1550460729.5453906
1550460755.5273473
1550460758.2774992
1550460769.0715916
1550460791.6632898
1550460825.9541388
1550460826.0208561
1550460833.8031294
1550460851.0004265
1550460856.2898393
1550460863.886387
1550460868.0879588
1550460870.2025788
1550460870.2661152
1550460874.4501941
1550460892.415604
1550460900.4290457
1550460936.2370799
1550460942.2914534
1550460985.6132472
1550460987.9928622
1550461086.450205
1550461102.7326078
1550461120.6925607
1550461122.043743
1550461135.7871222
1550461165.869318
1550461188.8528008
1550461201.0874145
1550461202.750288
1550461208.022438
1550461240.9925134
1550461246.6665456
1550461246.965768
1550461249.4920435
1550461253.1972592
1550461254.2563696
1550461271.7539182
1550461309.2961211
1550461327.4396176
1550461340.6730263
1550461343.3663254
1550461354.2822578
1550461379.7965949
1550461381.9377167
1550461393.793789
1550461416.2873082
1550461424.7603202
1550461430.619314
1550461440.9903972
1550461442.1095839
1550461446.6675196
1550461454.2331104
1550461457.8081288
1550461478.514535
1550461494.1103399
1550461510.954253
1550461518.5790846
1550461526.605732
1550461570.9021087
1550461574.5221066
1550461583.9513886
1550461588.0359406
1550461607.7185047
1550461635.2965827
1550461674.6218355
1550461743.0310476
1550461762.3463073
1550461763.4729407
1550461794.2529032
1550461804.4222813
1550461807.200058
1550461820.1898906
1550461844.8102045
1550461847.115549
1550461854.7516515
1550461864.62589
1550461876.426348
1550461906.1086843
1550461910.2774127
1550461924.5374699
1550461944.0197237
1550461972.2307231
1550461998.7361832
1550462032.1250827
1550462044.1544816
1550462052.967641
1550462055.5174623
1550462057.8870904
1550462076.753458
1550462103.676724
1550462124.4331806
1550462144.9794738
1550462183.7138486
1550462184.0186777
1550462184.112277
1550462199.4707997
1550462226.6771722
1550462291.5368335
1550462291.583683
1550462293.0727262
1550462348.9301093
1550462386.6362312
1550462390.2750487
1550462395.277703
1550462430.5356462
1550462474.436501
1550462492.5229309
1550462498.5424728
1550462518.0634472
1550462523.4734883
1550462530.8815448
1550462532.478323
1550462535.8249137
1550462603.9701478
1550462606.2148974
1550462612.1160936
1550462614.5593517
1550462617.1192427
1550462617.2690213
1550462640.0815227
1550462688.430907
1550462692.3716247
1550462702.2947273
1550462725.8714812
1550462736.9789233
1550462742.6766574
1550462763.7304535
1550462769.6129718
1550462808.832621
1550462816.7212083
1550462828.5886347
1550462830.763783
1550462851.620736
1550462872.5643718
1550462890.8321378
1550462891.9585214
1550462899.449461
1550462901.9593563
1550462928.4320688
1550462943.4772263
1550462963.7932847
1550462981.3166537
1550462992.3765328
1550463001.1060476
1550463028.1414888
1550463046.0971048
1550463059.0828614
1550463068.0761645
1550463099.8160837
1550463141.7089415
1550463147.328578
1550463158.5257885
1550463171.6999447
1550463215.0861387
1550463217.781891
1550463236.7538571
1550463238.1601543
1550463243.7132487
1550463287.1576815
1550463312.7147143
1550463331.555738
1550463331.6029532
1550463350.1005945
1550463353.3155687
1550463386.063779
1550463412.7502642
1550463412.795477
1550463436.3120785
1550463484.012445
1550463486.7794034
1550463527.952236
1550463555.4891446
1550463555.5411413
1550463591.8208678
1550463591.8716853
1550463597.2941842
1550463647.8465908
1550463658.8913126
1550463710.112655
1550463741.5192754
1550463781.2363338
1550463791.3924758
1550463794.9525301
1550463806.2241807
1550463822.9149072
1550463834.036402
1550463840.8183944
1550463856.5282078
1550463881.2830868
1550463885.4753237
1550463914.897103
1550463959.375213
1550463973.7756815
1550463989.9284952
1550464029.64071
1550464043.543007
1550464047.6302228
1550464075.7905214
1550464075.8590024
1550464079.276985
1550464119.020118
1550464144.848828
1550464149.3917658
1550464176.2388334
1550464179.4532187
1550464200.0175915
1550464208.6265144
1550464213.3311834
1550464223.0007043
1550464249.2304635
1550464250.9233236
1550464276.0161593
1550464286.6028795
1550464290.1776686
1550464291.4203832
1550464297.3604493
1550464316.3081474
1550464356.0331185
1550464371.3950136
1550464387.5260527
1550464388.623087
1550464403.378261
1550464413.150751
1550464416.9641857
1550464422.5530152
1550464429.2251382
1550464436.0038207
1550464449.1776536
1550464501.6733332
1550464508.0314486
1550464537.8125486
1550464542.948218
1550464545.3846364
1550464569.5175557
1550464586.6016586
1550464608.1295104
1550464612.3654106
1550464629.3512619
1550464645.9859328
1550464665.018617
1550464694.2766085
1550464754.8667164
1550464793.7121706
1550464793.7618592
1550464798.5569665
1550464814.8964872
1550464844.0506232
1550464859.6306589
1550464860.7568529
1550464869.1475601
1550464869.1992674
1550464946.5573702
1550464965.0962594
1550464976.3646443
1550465003.2027214
1550465004.8685334
1550465023.4398093
1550465027.1268752
1550465036.2003775
1550465050.4445016
1550465051.998438
1550465057.9317002
1550465065.560301
1550465075.6878524
1550465085.7513878
1550465088.912312
1550465109.2570074
1550465113.2872164
1550465123.7224746
1550465129.7954943
1550465146.8322887
1550465155.9426506
1550465168.5164614
1550465171.2157679
1550465186.592875
1550465241.065425
1550465246.1382911
1550465264.0366158
1550465265.1022553
1550465265.1483936
1550465297.32304
1550465321.797139
1550465342.3511798
1550465353.4706733
1550465357.7068799
1550465376.9860978
1550465379.9778454
1550465395.7204494
1550465425.3973858
1550465430.283799
1550465451.9480278
1550465454.3246603
1550465469.7137501
1550465476.1137407
1550465489.7374372
1550465489.7872784
1550465499.1524763
1550465540.626617
1550465552.2577815
1550465563.1530085
1550465577.1552444
1550465581.4104385
1550465586.2707293
1550465611.5190754
1550465629.3433287
1550465631.72934
1550465636.282276
1550465676.3845963
1550465692.070436
1550465710.752571
1550465728.1139114
1550465749.4157927
1550465750.8430247
1550465769.715731
1550465788.5257208
1550465804.923053
1550465808.3664854
1550465821.151817
1550465824.0103905
1550465854.8321812
1550465884.2760293
1550465906.4677875
1550465908.9173095
1550465918.9905572
1550465942.2061193
1550465981.2844458
1550465996.216483
1550466007.0235424
1550466013.8905637
1550466026.1973178
1550466039.439427
1550466067.443014
1550466094.4229798
1550466094.4692488
1550466117.8315282
1550466119.2658567
1550466125.652232
1550466127.324564
1550466137.6315193
1550466202.4842408
1550466228.2167943
1550466263.3037827
1550466310.4222908
1550466320.4924605
1550466322.2343214
1550466328.6411822
1550466335.5242913
1550466352.9153664
1550466357.3232243
1550466386.8348694
1550466386.8837285
1550466411.1165109
1550466412.8684375
1550466449.455607
1550466471.4978185
1550466495.4857757
1550466536.2821305
1550466546.1253948
1550466565.1585479
1550466582.1223242
1550466598.0316548
1550466604.7936265
1550466620.3521166
1550466634.7758672
1550466735.0883248
1550466735.139309
1550466735.635715
1550466737.2304046
1550466744.6055396
1550466775.7945414
1550466779.565705
1550466784.0721338
1550466807.7940972
1550466826.829772
1550466838.0598462
1550466843.3759649
1550466862.8414633
1550466868.1203928
1550466869.2356532
1550466885.3397627
1550466899.3888307
1550466900.7457404
1550466902.626162
1550466928.9966307
1550466951.0145736
1550466965.5012474
1550467030.8960278
1550467040.3531682
1550467097.8059611
1550467098.9077013
1550467107.8885303
1550467122.5028837
1550467131.4722073
1550467135.285772
1550467172.6460714
1550467182.6751509
1550467187.953123
1550467196.8153749
1550467212.6572118
1550467217.4576845
1550467263.220445
1550467269.713307
1550467282.9398046
1550467309.4816034
1550467313.0623999
1550467325.3860478
1550467334.4183302
1550467336.6913881
1550467338.0640373
1550467343.3195724
1550467348.9147713
1550467350.2211459
1550467354.5742033
1550467359.217134
1550467361.633698
1550467407.3271208
1550467410.5547566
1550467410.6031036
1550467440.9736936
1550467443.152733
1550467492.9209998
1550467551.956212
1550467558.2654397
1550467561.7332575
1550467576.5480263
1550467582.5307782
1550467590.2638535
1550467591.6656504
1550467609.382614
1550467633.4563632
1550467635.555163
1550467654.4114122
1550467685.3716183
1550467727.16762
1550467727.2184508
1550467767.3278017
1550467786.258892
1550467829.455155
1550467847.6482756
1550467857.3136494
1550467891.4385314
1550467898.9995239
1550467916.917986
1550467940.287363
1550467942.1050525
1550467945.89031
1550467955.9511163
1550467965.3481076
1550467971.1793907
1550467973.369392
1550467990.2002208
1550467998.2904148
1550468008.8361113
1550468023.6275637
1550468033.5880241
1550468048.8366318
1550468057.3248115
1550468078.146866
1550468107.9744053
1550468113.8510554
1550468117.069133
1550468127.1893601
1550468148.6782455
1550468162.670483
1550468170.2538013
1550468184.037946
1550468208.6808095
1550468216.0578187
1550468217.4927025
1550468221.570047
1550468247.3025408
1550468257.1047826
1550468260.5637867
1550468272.1278367
1550468282.941118
1550468288.2673879
1550468309.7662902
1550468327.3106616
1550468327.358023
1550468332.960729
1550468365.9009545
1550468375.0542705
1550468377.2295284
1550468381.7108786
1550468389.453706
1550468391.792813
1550468393.2962801
1550468417.8559551
1550468448.6553853
1550468545.9318285
1550468548.0049496
1550468548.0777173
1550468557.0669525
1550468596.9352374
1550468610.358723
1550468613.1083784
1550468615.8543231
1550468615.902678
1550468642.958557
1550468668.4578574
1550468699.8890083
1550468704.651053
1550468715.1399586
1550468717.253588
1550468728.914223
1550468774.1938553
1550468781.1392288
1550468781.1840737
1550468795.2154627
1550468805.9277594
1550468834.4271712
1550468836.496561
1550468854.4687889
1550468893.7352867
1550468909.8227892
1550468977.4755445
1550468985.2711892
1550468991.566774
1550468995.371781
1550469001.7702622
1550469010.1750758
1550469023.6965196
1550469043.8245466
1550469083.9655943
1550469095.578471
1550469106.08546
1550469164.2744024
1550469170.9998028
1550469172.7688456
1550469180.297322
1550469234.0945902
1550469260.0356765
1550469267.778644
1550469282.0998256
1550469289.007849
1550469295.4990754
1550469314.8953526
1550469321.4643714
1550469325.824141
1550469352.2317567
1550469362.0499773
1550469373.0748234
1550469423.104675
1550469429.5585582
1550469467.123181
1550469479.0440867
1550469507.424647
1550469513.8246856
1550469518.0584025
1550469581.2280133
1550469597.2779086
1550469618.8124502
1550469619.8724794
1550469636.0283341
1550469648.9134457
1550469648.9641993
1550469651.646131
1550469655.2077224
1550469660.9168596
1550469685.3986528
1550469688.1152542
1550469702.9489884
1550469710.9354637
1550469717.3155744
1550469722.7043424
1550469733.4006133
1550469761.1681473
1550469784.578664
1550469793.8735447
1550469810.9963028
1550469816.7123396
1550469829.070257
1550469835.236837
1550469851.6520739
1550469882.1192343
1550469900.2095227
1550469919.3171313
1550469923.8773491
1550469947.5497234
1550469953.393602
1550469968.5687237
1550470021.328616
1550470025.552222
1550470034.5689003
1550470063.1603415
1550470072.1721134
1550470075.65073
1550470087.25695
1550470095.375166
1550470100.6509614
1550470104.0746276
1550470111.683531
1550470112.7479439
1550470115.3154113
1550470127.155623
1550470136.0195963
1550470143.279978
1550470183.9530506
1550470199.0861647
1550470207.0735009
1550470218.092653
1550470230.9974217
1550470290.4343393
1550470312.1621585
1550470383.635774
1550470455.1846046
1550470456.4006228
1550470481.9641798
1550470492.0391529
1550470504.0204012
1550470544.5744758
1550470578.2220998
1550470639.9824793
1550470641.2931569
1550470647.6987014
1550470672.7562485
1550470678.2394025
1550470698.6664388
1550470722.3525674
1550470741.6171446
1550470767.1462286
1550470790.3608923
1550470798.7971187
1550470816.2027893
1550470838.2578318
1550470838.3027897
1550470846.4684634
1550470848.1327846
1550470878.6049366
1550470895.1546037
1550470920.6522467
1550470921.7159777
1550470969.8714325
1550471013.8526905
1550471023.2158122
1550471070.531566
1550471081.409275
1550471108.4227602
1550471115.2370455
1550471136.8570607
1550471138.3239179
1550471166.1760666
1550471186.4785867
1550471217.0387597
1550471231.673484
1550471247.687746
1550471268.654586
1550471290.4378624
1550471308.3570669
1550471314.841259
1550471318.0348263
1550471323.697713
1550471356.8281133
1550471368.9736001
1550471389.0119197
1550471400.9927018
1550471423.2789354
1550471449.7108936
1550471472.4258366
1550471485.2329013
1550471494.1159554
1550471499.5168922
1550471500.9423275
1550471508.9485276
1550471513.473318
1550471516.6577692
1550471539.9832118
1550471542.4632792
1550471573.3167255
1550471593.860785
1550471609.3948026
1550471612.1450877
1550471613.1980834
1550471637.9036834
1550471663.7148297
1550471676.8493152
1550471681.6474586
1550471683.1662414
1550471692.0362394
1550471696.656153
1550471710.8569686
1550471725.3018746
1550471734.0346656
1550471737.7934513
1550471741.3929925
1550471742.5113447
1550471758.5653348
1550471771.2081006
1550471803.7017071
1550471812.3427632
1550471831.8471668
1550471841.973995
1550471848.962915
1550471868.5929337
1550471915.8129468
1550471925.517464
1550471959.4284768
1550471968.5263512
1550472011.4961836
1550472070.0034375
1550472080.5895972
1550472086.3230102
1550472102.67073
1550472118.5117257
1550472125.9437206
1550472131.308849
1550472161.8501797
1550472168.8019602
1550472195.8732157
1550472224.5386043
1550472238.1006083
1550472255.8032315
1550472267.6914496
1550472271.3952167
1550472284.6933393
1550472321.7678287
1550472324.9192486
1550472345.6644332
1550472382.6477113
1550472389.6971
1550472405.477162
1550472462.0938544
1550472476.5682158
1550472493.9495618
1550472495.1561358
1550472499.7994359
1550472505.9370954
1550472509.4945204
1550472543.9329984
1550472551.940104
1550472570.2803512
1550472606.60857
1550472635.9499784
1550472639.141391
