1550355470.729458
1550355526.8068693
1550355528.3042243
1550355609.8294575
1550355614.688082
1550355626.2571769
1550355636.0043972
1550355653.2937574
1550355675.4643822
1550355694.0165467
1550355701.8606296
1550355708.97656
1550355759.6638882
1550355804.6974125
1550355816.153798
1550355826.501637
1550355895.2719042
1550355918.6325376
1550355965.1423144
1550355968.1024034
1550355992.0461085
1550355999.065492
1550356058.932599
1550356059.3051786
1550356059.709615
1550356065.072872
1550356067.8488188
1550356089.248649
1550356123.6609004
1550356179.6604834
1550356190.542723
1550356211.0593097
1550356219.7984958
1550356247.0027864
1550356247.4255862
1550356278.120366
1550356286.9498193
1550356289.783307
1550356303.1947587
1550356368.933348
1550356370.8479466
1550356383.4103127
1550356383.8410156
1550356388.3073537
1550356403.8846457
1550356428.393409
1550356436.2921546
1550356457.4692426
1550356466.6483881
1550356471.2575064
1550356479.3959482
1550356485.4456234
1550356495.2925632
1550356498.714117
1550356509.5552263
1550356557.2779093
1550356570.802069
1550356572.2693653
1550356595.813567
1550356623.9779398
1550356627.304842
1550356635.6619842
1550356649.7304993
1550356650.290937
1550356662.1994824
1550356716.4962127
1550356723.7717636
1550356733.0546634
1550356768.700617
1550356774.2011428
1550356778.9650972
1550356801.2520418
1550356828.9539928
1550356832.2815685
1550356845.448093
1550356920.9218462
1550356950.0086534
1550356953.6387148
1550356969.7346756
1550356992.2344358
1550357015.1048627
1550357027.6678855
1550357041.802258
1550357069.4429436
1550357077.1986976
1550357132.0249104
1550357153.9790444
1550357155.7105744
1550357164.7662468
1550357166.5780501
1550357186.349116
1550357213.0231023
1550357243.3025343
1550357258.0283155
1550357338.6643262
1550357383.8010466
1550357386.9160838
1550357402.8342624
1550357410.4670577
1550357434.6451938
1550357435.0669978
1550357460.6510165
1550357470.608625
1550357486.7792325
1550357520.6709914
1550357533.542058
1550357620.243914
1550357658.1082623
1550357674.5770202
1550357703.816247
1550357724.3478239
1550357790.7145631
1550357806.892844
1550357815.1415677
1550357850.343997
1550357854.6029847
1550357860.600205
1550357885.8782144
1550357896.0939372
1550357928.9982646
1550357939.3731792
1550357964.4671245
1550357975.4113498
1550357991.179234
1550358018.3776414
1550358057.9568415
1550358089.2681277
1550358093.5174406
1550358108.7744114
1550358126.7327752
1550358133.7843564
1550358171.656713
1550358175.6034908
1550358189.570725
1550358191.506555
1550358231.657315
1550358249.4746778
1550358264.3807201
1550358312.0419867
1550358328.9730074
1550358355.5340831
1550358381.5697815
1550358384.4040854
1550358400.0659297
1550358402.9351783
1550358414.6933725
1550358448.6885774
1550358459.4937215
1550358469.185462
1550358492.8655267
1550358503.3271315
1550358535.8100655
1550358541.813565
1550358576.5977366
1550358577.0360284
1550358593.4759707
1550358601.2605832
1550358605.1367319
1550358679.990351
1550358682.854561
1550358726.227041
1550358738.6342597
1550358767.5344524
1550358805.8186557
1550358841.3334374
1550358842.7384162
1550358880.3466957
1550358887.455758
1550358892.1937566
1550358899.2786975
1550358940.960491
1550358967.752689
1550358982.3109097
1550359026.1182313
1550359038.1675727
1550359061.9852931
1550359087.936144
1550359134.102966
1550359150.9600217
1550359153.891964
1550359155.5685773
1550359161.5909016
1550359207.8825638
1550359213.7216642
1550359233.5445578
1550359245.4410663
1550359263.9646442
1550359269.681598
1550359275.426775
1550359275.882449
1550359319.613734
1550359328.1953475
1550359334.4243636
1550359336.8292146
1550359384.7611446
1550359392.7457
1550359459.8680198
1550359468.4845529
1550359473.3582587
1550359496.361757
1550359513.169943
1550359527.8858047
1550359532.4542646
1550359544.1718667
1550359544.6796496
1550359546.1169648
1550359558.5059423
1550359560.3384244
1550359571.2117217
1550359576.3065336
1550359602.6235352
1550359605.9548388
1550359624.3550434
1550359634.5655837
1550359672.158169
1550359675.066857
1550359697.6477098
1550359713.1187441
1550359725.5281477
1550359743.1711612
1550359747.688866
1550359758.5889316
1550359857.5141633
1550359887.0485282
1550359918.2159207
1550359925.6182175
1550359938.7752774
1550359939.1906445
1550359943.7747824
1550359947.5866175
1550359959.4664738
1550359966.0381045
1550359975.318539
1550359992.0917385
1550360057.0232306
1550360091.804278
1550360100.7309885
1550360110.9287899
1550360143.1009686
1550360160.0886023
1550360196.2399929
1550360199.14794
1550360203.6215005
1550360227.7992754
1550360234.3184223
1550360234.7642965
1550360247.9344199
1550360251.8896685
1550360283.6659822
1550360285.5134642
1550360290.2207956
1550360318.7698522
1550360321.6442263
1550360322.0587032
1550360354.6074462
1550360400.479209
1550360414.2138114
1550360414.5862274
1550360437.0856133
1550360439.635311
1550360460.720886
1550360463.9591327
1550360482.2518787
1550360498.2325537
1550360537.461371
1550360552.241798
1550360566.8359272
1550360593.6716428
1550360596.8661964
1550360602.6491818
1550360608.5545833
1550360631.2547789
1550360688.5473962
1550360701.5867312
1550360703.7573225
1550360706.721154
1550360707.411558
1550360726.0878022
1550360726.5159936
1550360742.4932132
1550360744.6161373
1550360761.1889622
1550360772.3946314
1550360775.4684367
1550360783.7373757
1550360796.8749468
1550360815.281452
1550360847.0589364
1550360854.0293622
1550360861.6200166
1550360863.0427268
1550360888.9439602
1550360892.9818718
1550360898.7937725
1550360904.0590756
1550360931.5918179
1550360956.1449807
1550360969.1569135
1550360973.8910017
1550360979.6051483
1550360981.4299624
1550360992.778508
1550360994.195552
1550361013.6846347
1550361017.628092
1550361074.9055934
1550361080.6819618
1550361121.9584467
1550361128.7470484
1550361181.5280647
1550361191.210925
1550361204.3259356
1550361217.3156242
1550361231.112958
1550361249.2937064
1550361252.6134052
1550361291.4971752
1550361326.7767532
1550361358.588643
1550361371.7181668
1550361374.6187398
1550361402.869989
1550361424.7011414
1550361426.6367214
1550361479.2222838
1550361524.4881926
1550361532.886858
1550361535.7742941
1550361539.1133628
1550361551.7003107
1550361594.88767
1550361600.8374746
1550361601.4871461
1550361615.0104334
1550361650.3857884
1550361675.5368109
1550361676.9360764
1550361699.954507
1550361701.7497098
1550361719.694876
1550361730.3386066
1550361765.9641519
1550361767.3880281
1550361772.1146216
1550361775.4959717
1550361786.667509
1550361801.4569795
1550361814.8152144
1550361849.014175
1550361849.426722
1550361856.0133882
1550361872.1851444
1550361891.3756227
1550361903.8186586
1550361904.208727
1550361918.078393
1550361941.5118902
1550361958.97513
1550361965.731452
1550361987.2270827
1550362027.4554923
1550362045.37689
1550362064.8857374
1550362094.033911
1550362104.369029
1550362148.688848
1550362162.5618918
1550362189.6396863
1550362206.8083677
1550362207.2587967
1550362210.189192
1550362224.019624
1550362233.2519655
1550362235.2102418
1550362243.7988913
1550362253.4740875
1550362258.4773705
1550362263.194945
1550362270.2736428
1550362320.911132
1550362348.8446784
1550362362.5192723
1550362364.3963776
1550362366.1920974
1550362371.2821376
1550362406.902431
1550362476.990505
1550362481.0935888
1550362498.6653666
1550362505.078235
1550362574.6645932
1550362581.833679
1550362600.5852656
1550362629.0379262
1550362651.1654015
1550362653.1377838
1550362693.8783228
1550362716.9677906
1550362765.0489478
1550362776.8659506
1550362787.4161203
1550362787.9368837
1550362828.4487164
1550362830.3989494
1550362837.3527925
1550362850.381331
1550362878.3024836
1550362906.042128
1550362915.4964914
1550363067.5807033
1550363083.014242
1550363093.7554314
1550363099.5869484
1550363144.0570343
1550363162.2989843
1550363201.7989855
1550363205.1308253
1550363212.973592
1550363229.3567734
1550363233.3838553
1550363261.886205
1550363270.1234224
1550363290.894078
1550363296.897826
1550363307.095823
1550363311.2675304
1550363320.4328017
1550363325.1663463
1550363330.5786052
1550363336.2529707
1550363366.7835627
1550363370.644573
1550363372.107404
1550363400.2108278
1550363411.2735448
1550363425.3480844
1550363449.2561066
1550363468.0432396
1550363506.654532
1550363537.8500266
1550363577.053998
1550363587.194078
1550363609.050048
1550363631.9994745
1550363650.2712746
1550363659.3664079
1550363662.2803533
1550363680.643805
1550363694.4220212
1550363710.825019
1550363734.0433426
1550363735.7028
1550363758.484866
1550363776.2003934
1550363786.6629837
1550363793.2842581
1550363804.9255822
1550363809.4642644
1550363828.946075
1550363863.7639256
1550363960.3075771
1550363998.593988
1550364011.5527835
1550364019.897205
1550364046.0689373
1550364088.2225797
1550364115.6517537
1550364144.4566407
1550364151.358454
1550364194.9056149
1550364201.3457003
1550364203.4177568
1550364208.2651696
1550364246.2445626
1550364256.5741322
1550364281.9301074
1550364282.397059
1550364289.5389428
1550364303.42297
1550364314.4426072
1550364321.353682
1550364330.5562518
1550364357.2936077
1550364357.7547762
1550364373.4092767
1550364377.1475487
1550364425.3741274
1550364428.73417
1550364431.5336976
1550364437.3025286
1550364437.705842
1550364447.710044
1550364480.37518
1550364487.1075535
1550364525.2804801
1550364546.5798175
1550364561.1883397
1550364614.6980464
1550364639.0499966
1550364640.895836
1550364656.6025906
1550364664.766482
1550364669.537049
1550364686.6521914
1550364719.3405204
1550364736.6496058
1550364751.5525417
1550364769.7862375
1550364823.7050607
1550364849.2768037
1550364878.6901672
1550364882.0032504
1550364935.93785
1550364956.8379164
1550364970.341323
1550364971.4067616
1550365005.5880072
1550365024.1640103
1550365028.3817596
1550365032.7404006
1550365039.1350923
1550365084.2681594
1550365121.9822366
1550365167.0348735
1550365170.7449336
1550365188.397172
1550365191.3483398
1550365205.434991
1550365227.5990992
1550365246.5573418
1550365259.602821
1550365267.5044272
1550365267.9312847
1550365273.7505884
1550365280.9804537
1550365292.3696747
1550365293.8244343
1550365305.1849444
1550365330.5195043
1550365332.6992161
1550365335.727237
1550365353.0142703
1550365359.185092
1550365383.8428946
1550365386.2641973
1550365388.195344
1550365433.1946716
1550365538.3692167
1550365614.1559024
1550365617.6925359
1550365622.5483785
1550365699.0708256
1550365700.5442662
1550365712.2788575
1550365726.8295896
1550365746.5573218
1550365778.6605985
1550365788.2141132
1550365806.5844388
1550365857.010739
1550365871.1504474
1550365960.255678
1550365985.7643409
1550366004.1723225
1550366015.9579012
1550366038.2978806
1550366085.6609879
1550366138.977919
1550366140.8271499
1550366174.2943728
1550366188.350612
1550366194.001488
1550366203.095808
1550366203.7205007
1550366248.4812925
1550366291.846457
1550366294.3447049
1550366341.1187432
1550366356.6350124
1550366363.0456076
1550366370.2682076
1550366375.8621254
1550366403.958435
1550366429.9357185
1550366445.7367141
1550366456.8613627
1550366488.611629
1550366508.8852196
1550366524.838558
1550366546.289883
1550366546.7494297
1550366565.6214628
1550366576.8358748
1550366604.2721956
1550366614.4866188
1550366639.513956
1550366662.1560233
1550366672.9212174
1550366686.6316676
1550366690.9899206
1550366702.8822107
1550366724.4694774
1550366727.8297493
1550366756.0320485
1550366796.8000073
1550366881.3652604
1550366895.225143
1550366909.0607274
1550366914.0485575
1550366930.9041839
1550366944.8875055
1550366993.0165315
1550367008.8587308
1550367025.0228515
1550367038.4453511
1550367044.358138
1550367047.505325
1550367061.7599835
1550367062.184724
1550367072.51242
1550367073.883075
1550367081.213795
1550367108.6657658
1550367124.0899413
1550367129.1165364
1550367138.213696
1550367170.7909644
1550367184.320938
1550367221.2865043
1550367240.1681566
1550367252.7814362
1550367264.8779042
1550367307.474499
1550367327.3077214
1550367335.4015675
1550367364.999777
1550367374.5599828
1550367418.2175083
1550367430.9283571
1550367439.3131185
1550367459.7416298
1550367472.2958992
1550367473.736457
1550367477.6775281
1550367485.8105807
1550367503.2534053
1550367520.4459643
1550367520.8527305
1550367584.0626395
1550367628.4615617
1550367675.9640217
1550367704.109049
1550367710.5081666
1550367767.274176
1550367859.71607
1550367861.4888268
1550367875.1376624
1550367882.4824543
1550367900.475713
1550367917.3168557
1550367949.5784714
1550367967.8781197
1550367995.5572944
1550368038.9556406
1550368072.7323265
1550368081.5477288
1550368122.5457356
1550368133.1978595
1550368208.5206645
1550368211.953421
1550368212.3548455
1550368222.4542034
1550368235.060899
1550368242.7038517
1550368259.32715
1550368263.968234
1550368271.7789907
1550368295.9126043
1550368296.4290693
1550368305.8209386
1550368332.9232757
1550368352.6161346
1550368363.5075345
1550368389.68761
1550368420.6039426
1550368451.4969194
1550368479.9941814
1550368480.4552953
1550368483.7910845
1550368488.2072601
1550368509.8027742
1550368516.7893379
1550368527.5636148
1550368528.9568179
1550368532.2001011
1550368545.759677
1550368580.1225128
1550368599.3716254
1550368615.6519294
1550368616.1137562
1550368623.4175794
1550368632.403726
1550368637.105552
1550368638.9250917
1550368649.604144
1550368660.3580751
1550368726.1792397
1550368739.318729
1550368752.596902
1550368796.260434
1550368827.2522247
1550368863.354041
1550368887.3345354
1550368890.786803
1550368913.9167864
1550368914.3815358
1550368923.2204306
1550368937.7334256
1550368975.9370277
1550369002.1822045
1550369047.7462003
1550369059.4628391
1550369115.0037196
1550369168.5528264
1550369188.6476119
1550369190.7994983
1550369201.0469093
1550369228.0069242
1550369251.4101932
1550369251.7917342
1550369261.1326609
1550369263.0400193
1550369264.4881833
1550369274.0054798
1550369281.2128975
1550369307.272721
1550369307.604213
1550369340.732533
1550369347.8201559
1550369366.790246
1550369368.5674615
1550369371.475171
1550369377.5070841
1550369377.9484985
1550369378.3891773
1550369386.5163486
1550369403.4428694
1550369413.6443887
1550369432.4070973
1550369458.148086
1550369479.7277298
1550369487.2245212
1550369518.8092134
1550369530.5144866
1550369568.6059678
1550369614.6996787
1550369626.8303714
1550369658.7468367
1550369715.9073067
1550369731.8369627
1550369768.1811604
1550369768.579666
1550369783.6073072
1550369784.0364902
1550369792.695867
1550369793.1068192
1550369798.1597645
1550369815.596204
1550369817.7357001
1550369843.5767298
1550369866.4570098
1550369873.4905884
1550369892.5618997
1550369920.1654036
1550369946.2149208
1550369955.5248075
1550369969.1668832
1550369998.856094
1550370011.8910353
1550370017.612067
1550370020.6954038
1550370030.4448311
1550370065.21305
1550370081.4072204
1550370093.3938074
1550370107.7205565
1550370113.7669256
1550370118.140816
1550370179.417092
1550370179.8633845
1550370198.079193
1550370231.8894129
1550370232.2973619
1550370256.452984
1550370281.2247949
1550370345.04254
1550370367.720955
1550370424.6531632
1550370484.1153677
1550370515.358125
1550370525.8553953
1550370527.6667104
1550370530.5931861
1550370530.9551167
1550370559.5855482
1550370563.3987193
1550370599.2416456
1550370599.7267022
1550370604.019378
1550370638.4621584
1550370651.341388
1550370654.7176623
1550370677.525878
1550370704.9018795
1550370706.792615
1550370715.8276453
1550370722.304699
1550370722.686451
1550370762.642553
1550370801.4274144
1550370812.0959308
1550370814.0712996
1550370864.2100987
1550370905.4551907
1550370925.1219916
1550370925.5386026
1550370938.2767644
1550370954.4659934
1550370954.8292768
1550370987.6840146
1550371000.1795096
1550371018.6680346
1550371039.1606524
1550371040.9675121
1550371041.513866
1550371094.8467078
1550371104.6832573
1550371113.2486355
1550371116.806734
1550371128.0636823
1550371162.459804
1550371216.3629384
1550371229.536256
1550371263.5267081
1550371281.6594865
1550371302.2133336
1550371323.5550952
1550371324.9606717
1550371325.3859437
1550371336.2070246
1550371388.8731759
1550371393.5137365
1550371422.4995236
1550371428.8431299
1550371441.3265734
1550371457.9302816
1550371466.3934755
1550371475.0274444
1550371490.7104113
1550371494.0973253
1550371495.9859943
1550371520.5903866
1550371521.2286792
1550371524.5059395
1550371534.8798816
1550371549.7132742
1550371550.0810475
1550371556.3340344
1550371614.3724413
1550371615.790506
1550371643.4628036
1550371686.7975502
1550371693.7511356
1550371701.4906428
1550371718.754392
1550371734.4228292
1550371785.5792737
1550371815.0989413
1550371818.3680358
1550371843.6779764
1550371847.6461568
1550371854.7198706
1550371903.5958729
1550371906.519204
1550371968.9428198
1550371971.9978714
1550371993.567269
1550372056.1397898
1550372064.04288
1550372078.268166
1550372082.652116
1550372086.06635
1550372086.484719
1550372102.2256331
1550372149.5285404
1550372149.9621944
1550372174.5578926
1550372248.9419065
1550372263.9898057
1550372275.2853544
1550372295.7978594
1550372296.2459717
1550372308.9310937
1550372342.9367745
1550372360.6642618
1550372362.6274152
1550372408.184929
1550372420.8341074
1550372422.6822562
1550372437.6206555
1550372512.7468793
1550372517.7964115
1550372530.3936923
1550372546.5874114
1550372549.4095063
1550372551.4136472
1550372583.6371152
1550372601.7288318
1550372603.8637962
1550372615.722566
1550372627.9142444
1550372662.4255655
1550372754.3845432
1550372765.9551883
1550372770.6044354
1550372775.25114
1550372807.2208037
1550372836.8916214
1550372852.497185
1550372859.9792933
1550372866.0304675
1550372880.5808837
1550372888.6793718
1550372899.0493517
1550372916.4265592
1550372926.021413
1550372941.5948958
1550372963.8963766
1550372995.9563217
1550373025.1470873
1550373066.3843324
1550373075.9211082
1550373092.8381274
1550373108.5941355
1550373157.139398
1550373167.099646
1550373191.081689
1550373192.9830017
1550373203.432188
1550373228.2529783
1550373234.9451842
1550373237.9095037
1550373254.8803859
1550373258.1390412
1550373303.971744
1550373339.3243072
1550373392.2125
1550373404.7668962
1550373445.91602
1550373446.3387434
1550373461.3583834
1550373461.7535298
1550373488.2822974
1550373557.8012981
1550373588.9049876
1550373589.3189657
1550373608.3607225
1550373626.4603746
1550373647.9589057
1550373659.6833816
1550373672.113191
1550373674.9375937
1550373680.876666
1550373692.8588314
1550373706.3674102
1550373713.0880451
1550373727.9316204
1550373744.0829878
1550373748.013558
1550373755.7464995
1550373793.854422
1550373858.6040437
1550373877.757319
1550373889.090519
1550373912.3621643
1550373935.968274
1550373965.4722662
1550373999.5518646
1550373999.9626489
1550374026.20344
1550374096.2290864
1550374123.756273
1550374133.2447705
1550374133.6227455
1550374143.9714754
1550374194.435453
1550374208.8723047
1550374216.9833732
1550374230.794054
1550374231.1804132
1550374231.6149309
1550374253.9118314
1550374256.1523073
1550374268.6843636
1550374289.6599998
1550374298.7489862
1550374299.123997
1550374302.779961
1550374310.8561735
1550374311.2874405
1550374335.0933664
1550374356.3884885
1550374399.6664984
1550374401.8024437
1550374438.629295
1550374473.2341728
1550374482.6809862
1550374504.3701763
1550374511.647475
1550374532.3832417
1550374549.2037966
1550374558.7673798
1550374590.0667052
1550374621.512062
1550374632.060553
1550374640.6105785
1550374655.6845393
1550374670.202021
1550374679.676162
1550374683.1482306
1550374685.3689456
1550374685.7840269
1550374741.2422035
1550374778.4106112
1550374802.9409938
1550374823.2254338
1550374845.7158687
1550374890.5779772
1550374959.73911
1550374960.1646187
1550374971.1642156
1550374985.2735379
1550374996.222752
1550375043.628773
1550375045.0820003
1550375056.3475685
1550375064.2792397
1550375073.8826966
1550375080.0680654
1550375093.5008013
1550375104.9270434
1550375138.323847
1550375162.3222022
1550375184.7572577
1550375192.526338
1550375230.3369563
1550375250.7329178
1550375262.1137004
1550375278.2134547
1550375289.6490529
1550375294.4143155
1550375297.8579893
1550375330.6953218
1550375375.10024
1550375381.930592
1550375408.7831814
1550375422.9124274
1550375463.0448618
1550375480.6718874
1550375501.627914
1550375503.4796104
1550375516.7653508
1550375522.0189064
1550375535.1274562
1550375548.9496458
1550375574.082013
1550375598.2246785
1550375613.9589386
1550375626.9332767
1550375631.200094
1550375687.4021125
1550375690.5916297
1550375702.7207966
1550375714.2694893
1550375725.6379347
1550375751.5279653
1550375760.3886664
1550375776.8536098
1550375795.2473102
1550375822.4506207
1550375824.332659
