1550376308.9512572
1550376330.6624188
1550376334.6175852
1550376347.0877624
1550376350.0314927
1550376363.4230716
1550376369.145617
1550376377.0381591
1550376391.6262274
1550376393.0793598
1550376401.115311
1550376412.4680147
1550376419.2989314
1550376426.4890015
1550376435.1659935
1550376449.519593
1550376453.3169672
1550376462.4103131
1550376468.411143
1550376488.2311506
1550376500.812332
1550376528.195194
1550376565.6296675
1550376570.9957044
1550376575.1054316
1550376588.5232468
1550376598.7814713
1550376646.874633
1550376658.1362202
1550376671.5958889
1550376689.2378001
1550376704.8023076
1550376721.3555472
1550376738.9714482
1550376763.125394
1550376771.5861566
1550376793.5939941
1550376798.1287382
1550376806.1352494
1550376810.8939059
1550376812.5781665
1550376822.6664848
1550376830.5669382
1550376858.825997
1550376877.805252
1550376880.6523368
1550376911.8727834
1550376913.555471
1550376927.9689171
1550376937.2816045
1550376957.0133953
1550376971.5184484
1550377007.5318341
1550377022.2261274
1550377061.7243974
1550377100.4264193
1550377112.5914252
1550377125.3025765
1550377134.3284419
1550377141.6165588
1550377155.5941556
1550377170.9142401
1550377173.8113375
1550377185.015295
1550377195.2895105
1550377224.5236635
1550377229.031736
1550377259.1972044
1550377304.0576923
1550377359.6659493
1550377388.4699552
1550377407.2257478
1550377409.8175943
1550377418.1854851
1550377426.3480952
1550377439.9774547
1550377456.229403
1550377469.9100888
1550377492.7781444
1550377511.3596034
1550377523.7806506
1550377549.818495
1550377559.0220807
1550377600.9886127
1550377606.595153
1550377609.4714277
1550377614.3193462
1550377620.264088
1550377626.386467
1550377635.46081
1550377643.661534
1550377648.581777
1550377667.0035517
1550377678.1335027
1550377691.9321375
1550377717.30436
1550377735.0948052
1550377751.9229164
1550377759.1751723
1550377768.1416912
1550377776.3017151
1550377813.1521819
1550377820.8756368
1550377825.6934187
1550377837.0928502
1550377869.1969693
1550377900.246222
1550377904.330507
1550377914.5663562
1550377945.1456335
1550377978.6010377
1550377982.7069192
1550377984.3654246
1550378007.1843781
1550378016.1560826
1550378036.982219
1550378044.1707458
1550378055.3639324
1550378074.197535
1550378083.397632
1550378089.5385091
1550378096.8013623
1550378121.8152356
1550378125.566973
1550378128.2009954
1550378158.8350031
1550378164.1997335
1550378187.2001717
1550378214.423483
1550378225.67307
1550378246.623921
1550378249.2279074
1550378263.1679769
1550378267.8964791
1550378275.2439811
1550378293.8961117
1550378299.901781
1550378303.762178
1550378311.8112576
1550378325.1975505
1550378331.355075
1550378337.6919584
1550378341.336035
1550378344.456509
1550378347.339754
1550378351.0207765
1550378355.8472579
1550378378.5101376
1550378384.1675165
1550378395.38532
1550378411.7498987
1550378446.375544
1550378460.1302543
1550378507.5509584
1550378530.9544797
1550378539.061568
1550378549.1258945
1550378553.6267514
1550378555.381305
1550378572.7913425
1550378588.3990185
1550378590.1968899
1550378594.0429406
1550378604.1341462
1550378610.1043088
1550378629.6684463
1550378636.5398831
1550378669.7229235
1550378679.5944467
1550378723.674463
1550378728.0296905
1550378736.0764694
1550378752.3661397
1550378762.4858468
1550378793.8457246
1550378811.8708208
1550378847.691301
1550378878.799687
1550378884.2985477
1550378892.2161624
1550378946.6228788
1550378957.9637294
1550378967.2094102
1550378978.529995
1550378989.7975502
1550379013.861314
1550379042.5609713
1550379046.763974
1550379100.2005615
1550379103.6832027
1550379109.742928
1550379114.8945441
1550379134.4972677
1550379177.498161
1550379181.7426918
1550379184.4610703
1550379199.934474
1550379218.6045065
1550379228.8244145
1550379231.4505637
1550379234.1318789
1550379240.8962543
1550379287.0089722
1550379289.9337451
1550379291.6613703
1550379306.3247993
1550379333.5470347
1550379351.1634736
1550379362.8541486
1550379372.0290859
1550379373.7173846
1550379380.611468
1550379382.3290646
1550379388.223764
1550379427.9526806
1550379460.5638723
1550379464.6728752
1550379473.67575
1550379510.1254327
1550379532.628314
1550379536.3245146
1550379558.358044
1550379577.0287488
1550379598.914486
1550379602.946855
1550379628.821327
1550379642.1968281
1550379647.1760824
1550379669.1401644
1550379687.8465745
1550379690.968751
1550379694.7226853
1550379699.4732282
1550379708.5601554
1550379719.6467555
1550379727.8374083
1550379733.698445
1550379736.4341402
1550379748.0385206
1550379766.82846
1550379774.163697
1550379789.4732523
1550379798.722694
1550379810.0476644
1550379812.925119
1550379826.463063
1550379833.3200307
1550379841.474738
1550379847.5764606
1550379851.4785671
1550379859.4905221
1550379866.020288
1550379872.085021
1550379915.7054021
1550379918.856333
1550379922.7281396
1550379931.643357
1550379933.3337796
1550379934.9418907
1550379937.6794918
1550379979.7475955
1550380005.6430497
1550380017.9225454
1550380029.2366142
1550380049.93669
1550380064.39649
1550380074.3547084
1550380085.6540246
1550380094.3817637
1550380101.4371002
1550380108.5623279
1550380110.3053951
1550380119.4254096
1550380127.468862
1550380136.6389985
1550380146.9275596
1550380158.9798052
1550380161.545664
1550380185.4692519
1550380200.8265665
1550380224.6835144
1550380304.1460843
1550380309.2023008
1550380321.6100724
1550380338.195032
1550380346.3441617
1550380355.2303677
1550380386.354704
1550380405.4296017
1550380414.6518397
1550380444.8219001
1550380465.5269816
1550380476.1733646
1550380493.815581
1550380508.357868
1550380512.2941968
1550380602.7290423
1550380606.796553
1550380628.8001003
1550380646.8203747
1550380654.9902525
1550380665.0735228
1550380675.3133466
1550380688.7517085
1550380704.3622189
1550380735.7638044
1550380749.1418672
1550380779.3987284
1550380784.6526976
1550380793.6062593
1550380809.0759284
1550380842.1224506
1550380857.714165
1550380884.887994
1550380908.6296332
1550380926.037367
1550380944.4821737
1550380968.4429843
1550380972.041191
1550380976.7052274
1550380980.6624322
1550380984.4254482
1550381011.4308116
1550381014.0805018
1550381031.0163424
1550381060.2399828
1550381069.290745
1550381076.2507617
1550381088.5301056
1550381108.560145
1550381118.1230938
1550381139.9410787
1550381146.1399598
1550381164.745613
1550381167.6976044
1550381177.8169057
1550381183.2727091
1550381201.0274057
1550381204.8513284
1550381207.8076699
1550381215.8708708
1550381225.8292649
1550381261.425098
1550381269.993767
1550381280.9935486
1550381296.7795832
1550381311.6280854
1550381317.677349
1550381325.8393824
1550381337.1888351
1550381349.363768
1550381352.2550905
1550381359.2137954
1550381381.7071939
1550381422.3239372
1550381426.3771355
1550381431.2185032
1550381447.8430765
1550381451.5956247
1550381456.3071086
1550381481.5291295
1550381490.3820086
1550381492.1737404
1550381493.9129221
1550381495.628704
1550381515.3241172
1550381546.698402
1550381559.2013316
1550381569.2798824
1550381585.1527462
1550381592.205325
1550381607.7765176
1550381612.7346978
1550381641.8070102
1550381643.3376486
1550381650.3658364
1550381666.3298993
1550381682.4277515
1550381688.255396
1550381697.3026183
1550381724.4656734
1550381737.3824437
1550381745.5827959
1550381750.6642761
1550381760.633183
1550381769.7841535
1550381774.6164985
1550381778.384939
1550381785.5892296
1550381800.8369162
1550381807.6849341
1550381819.810177
1550381829.039562
1550381831.6612408
1550381889.3164864
1550381915.3546453
1550381927.7526999
1550381934.6507506
1550381993.1517408
1550382017.0813808
1550382028.8301322
1550382037.8022182
1550382056.478502
1550382059.2195854
1550382085.1057918
1550382115.0640476
1550382124.0812502
1550382127.0047588
1550382135.069664
1550382149.5580955
1550382154.314184
1550382170.0467198
1550382179.5249476
1550382204.7625375
1550382219.610941
1550382242.505256
1550382274.0493493
1550382283.4812756
1550382286.3520567
1550382291.2699058
1550382293.9175937
1550382297.8007715
1550382309.889463
1550382322.1588507
1550382339.7690606
1550382377.129142
1550382381.2848856
1550382388.26466
1550382394.2220652
1550382410.1124215
1550382422.2345812
1550382449.0699348
1550382453.2621455
1550382468.9085932
1550382485.3822544
1550382489.2262852
1550382491.850426
1550382528.281128
1550382537.7699857
1550382556.4938598
1550382575.215134
1550382586.7498739
1550382592.975355
1550382608.6499133
1550382620.2323048
1550382629.3011873
1550382635.6538057
1550382648.056426
1550382673.8595123
1550382680.0698292
1550382699.7929265
1550382711.9615455
1550382737.0683775
1550382743.4253786
1550382752.5775747
1550382765.0606863
1550382772.9545493
1550382781.1544297
1550382782.847291
1550382785.6785345
1550382794.756422
1550382801.5652664
1550382816.0447414
1550382831.62854
1550382837.6929715
1550382845.6962419
1550382850.464938
1550382871.0207229
1550382877.4529037
1550382889.661035
1550382891.116218
1550382908.6602626
1550382928.565554
1550382949.8930156
1550382955.9584687
1550382964.1630611
1550382965.9559524
1550382983.2966268
1550383001.7847204
1550383010.981861
1550383015.0852227
1550383026.51687
1550383054.0737255
1550383074.00564
1550383106.2915924
1550383112.5829644
1550383141.0249422
1550383146.1725264
1550383156.7546153
1550383158.4263089
1550383160.1307995
1550383166.0475717
1550383168.765069
1550383170.4605925
1550383181.8277526
1550383251.13802
1550383271.4103446
1550383279.6491067
1550383287.0117912
1550383300.7550368
1550383304.51363
1550383331.674098
1550383344.0833194
1550383350.2112522
1550383360.5042396
1550383364.463025
1550383369.7178493
1550383371.1742573
1550383413.057943
1550383445.4811091
1550383452.5637412
1550383464.398535
1550383477.8589005
1550383485.2029245
1550383488.3784206
1550383517.0892212
1550383524.2875845
1550383539.005074
1550383541.9600735
1550383547.901514
1550383559.1083233
1550383566.0856547
1550383567.6397352
1550383594.6232927
1550383609.5917244
1550383619.7675207
1550383628.954462
1550383656.924299
1550383664.9441698
1550383688.825017
1550383710.7673638
1550383722.0942075
1550383723.7545862
1550383736.0921347
1550383741.6033006
1550383755.326386
1550383761.542175
1550383777.4158132
1550383781.7287228
1550383809.842558
1550383822.0777087
1550383823.76821
1550383852.9380767
1550383856.0787988
1550383861.9270685
1550383865.7769496
1550383870.6117768
1550383879.7743106
1550383890.1094253
1550383896.4115303
1550383910.8673666
1550383931.7948418
1550383937.053878
1550383963.2419846
1550384027.001341
1550384042.4704492
1550384049.5642028
1550384074.3450196
1550384083.1350257
1550384086.1955283
1550384113.1510663
1550384124.7669418
1550384128.995067
1550384151.9653904
1550384158.2468543
1550384192.752137
1550384205.4326475
1550384237.621108
1550384247.9154136
1550384265.3940494
1550384272.5309973
1550384292.2913709
1550384305.4605024
1550384318.279329
1550384330.7074835
1550384333.6162162
1550384341.8101113
1550384348.9874487
1550384357.0852437
1550384380.9476488
1550384388.9009435
1550384477.1742113
1550384500.7854319
1550384528.1865034
1550384536.0472238
1550384545.9578729
1550384551.2518005
1550384555.9922845
1550384578.1544728
1550384583.0287175
1550384588.6034284
1550384604.9667685
1550384620.2548096
1550384623.1599545
1550384633.3311718
1550384637.3759797
1550384650.0249364
1550384660.2231908
1550384706.291389
1550384716.5156503
1550384719.376506
1550384737.8319628
1550384762.658011
1550384766.9209735
1550384771.7368617
1550384794.9119601
1550384833.321433
1550384846.596591
1550384860.0518408
1550384868.9832373
1550384893.2872686
1550384908.0686269
1550384923.7762618
1550384926.560737
1550384944.3617334
1550384949.6287098
1550384960.0684218
1550384963.185816
1550384968.2899876
1550385002.8385746
1550385018.3577647
1550385048.504512
1550385053.6084042
1550385066.1737921
1550385078.531601
1550385080.1917648
1550385094.5371654
1550385099.3889341
1550385104.3968503
1550385111.3309877
1550385175.6693606
1550385211.5167391
1550385230.488692
1550385250.990231
1550385274.2641764
1550385300.3081012
1550385310.328093
1550385315.3404813
1550385316.774688
1550385318.5039518
1550385324.4084277
1550385336.8969038
1550385363.1546354
1550385390.4276938
1550385394.9354563
1550385407.3480287
1550385473.292237
1550385478.2595458
1550385490.482694
1550385516.5280597
1550385520.1552448
1550385534.7553573
1550385551.6478598
1550385562.9594483
1550385575.3509269
1550385596.1650295
1550385610.4406602
1550385617.1141512
1550385625.1654704
1550385626.818683
1550385630.738614
1550385636.6858823
1550385652.0490975
1550385657.1638074
1550385661.8696585
1550385680.3407772
1550385698.9818692
1550385720.809503
1550385726.0058668
1550385738.177617
1550385747.5972319
1550385757.1315403
1550385775.6141036
1550385802.7220411
1550385878.5806036
1550385889.0536668
1550385891.8778605
1550385895.8589425
1550385901.748865
1550385905.6610448
1550385910.624559
1550385944.9181967
1550385963.3254604
1550385971.9560711
1550385978.005444
1550385983.7760196
1550385987.7028904
1550385990.4864562
1550386018.3003552
1550386044.999127
1550386056.7715409
1550386076.6619341
1550386093.0821326
1550386106.2888153
1550386135.7463534
1550386147.3584101
1550386177.9992323
1550386206.4743526
1550386220.9949107
1550386250.9313197
1550386261.7858367
1550386264.600998
1550386292.6043227
1550386295.453085
1550386304.5225708
1550386308.5268314
1550386311.0516825
1550386319.263217
1550386331.084025
1550386356.1160939
1550386371.9413993
1550386374.5038779
1550386378.456266
1550386382.4280932
1550386391.6408174
1550386417.6948848
1550386421.8879428
1550386429.647798
1550386432.2234013
1550386450.9725056
1550386463.6283863
1550386465.30906
1550386474.409671
1550386478.231563
1550386481.9043915
1550386511.2022672
1550386549.7730682
1550386556.14373
1550386565.2515843
