1552702089.2212298
1552702104.6099925
1552702129.8748915
1552702139.6001515
1552702178.9465976
1552702194.2367105
1552702236.4184127
1552702275.505594
1552702291.130632
1552702297.9093692
1552702299.6242077
1552702317.4636588
1552702346.227264
1552702361.1070783
1552702400.6720216
1552702402.0536544
1552702422.0662754
1552702434.8155396
1552702465.4423115
1552702472.727565
1552702543.4586694
1552702619.2371922
1552702634.9408503
1552702649.35423
1552702659.29756
1552702712.621409
1552702765.9992483
1552702786.2001145
1552702795.9311378
1552702840.664774
1552702876.5419776
1552702878.2269857
1552702890.8756783
1552702894.9099224
1552702896.6625412
1552702898.1643174
1552702904.0910199
1552702951.3663948
1552702963.5912592
1552702975.9956174
1552702982.7044194
1552702989.8765082
1552702991.5720687
1552703031.0416987
1552703037.7609863
1552703041.8159652
1552703084.0101373
1552703160.1987188
1552703221.1850262
1552703277.7894819
1552703321.362925
1552703338.8743222
1552703389.361209
1552703403.5966704
1552703418.5271685
1552703423.034869
1552703435.3343353
1552703465.094272
1552703538.5414937
1552703553.880259
1552703555.704519
1552703597.7762346
1552703615.2099936
1552703629.3959951
1552703683.8076491
1552703690.4819267
1552703702.4760766
1552703722.0122645
1552703855.5426326
1552703891.087993
1552703921.79542
1552703960.3164504
1552704026.3023918
1552704027.8687694
1552704029.5627968
1552704035.804283
1552704040.1421642
1552704052.4496927
1552704062.227355
1552704110.6520019
1552704204.8017476
1552704230.3901274
1552704234.5310628
1552704241.4729822
1552704264.015519
1552704268.5601368
1552704296.9749181
1552704309.3566391
1552704313.870293
1552704345.7206974
1552704358.5961468
1552704387.6666753
1552704394.6241856
1552704396.237022
1552704413.9993436
1552704537.123748
1552704538.6444776
1552704558.9652822
1552704595.8534262
1552704603.0300863
1552704606.889123
1552704627.7750702
1552704639.8918128
1552704687.7970076
1552704713.3051608
1552704726.2451982
1552704749.1228936
1552704761.614197
1552704795.237616
1552704807.3773475
1552704808.909437
1552704823.8899362
1552704839.0634377
1552704857.6728342
1552704883.654756
1552704890.3194506
1552704899.6637297
1552704925.4105365
1552704951.8259244
1552704978.4292953
1552704982.6654758
1552705001.1989717
1552705008.394485
1552705042.5599854
1552705060.0223513
1552705110.1346846
1552705132.869524
1552705180.690647
1552705212.4861944
1552705239.9656527
1552705252.0224743
1552705307.0213418
1552705311.363241
1552705384.5307198
1552705439.7817256
1552705447.1856947
1552705475.367177
1552705485.146971
1552705486.793474
1552705515.2436535
1552705519.4413514
1552705559.0687585
1552705563.101244
1552705583.895971
1552705596.0669188
1552705618.7337904
1552705628.2528152
1552705662.2704372
1552705680.5957713
1552705684.8807447
1552705732.6196172
1552705747.504009
1552705774.0741506
1552705800.4162707
1552705802.0790844
1552705822.6344566
1552705849.5693657
1552705851.1704721
1552705886.0065756
1552705892.80189
1552705899.846002
1552705939.5010452
1552705954.3637626
1552705961.648422
1552705971.5401182
1552705973.0974972
1552705999.0163646
1552706044.2814672
1552706077.535085
1552706081.6212025
1552706124.9491477
1552706139.4309716
1552706159.7782507
1552706268.0025105
1552706269.572946
1552706308.8391776
1552706323.68305
1552706343.9542851
1552706345.4650767
1552706360.2246664
1552706375.05147
1552706424.2853565
1552706471.7152238
1552706476.5970223
1552706489.2943156
1552706491.093055
1552706492.7876875
1552706501.6075804
1552706509.075759
1552706524.52846
1552706536.093794
1552706537.5622668
1552706573.8739314
1552706581.1289895
1552706585.726832
1552706668.4062846
1552706752.7136312
1552706776.5186958
1552706778.178523
1552706808.1890872
1552706892.5337107
1552706933.6973915
1552706935.1173484
1552706947.1732805
1552706983.5458364
1552706985.127006
1552706999.996431
1552707017.2652383
1552707027.1952279
1552707028.9460516
1552707030.3191772
1552707036.407459
1552707055.8797297
1552707062.505344
1552707152.810404
1552707157.1651423
1552707158.6693313
1552707160.3566535
1552707166.2429254
1552707170.6889873
1552707228.3307984
1552707230.1748917
1552707344.9428508
1552707354.3692093
1552707379.722474
1552707421.2460434
1552707462.918446
1552707489.4851675
1552707547.8419688
1552707565.9403024
1552707569.7653134
1552707612.2643137
1552707641.8130689
1552707674.384606
1552707703.1766548
1552707724.0966518
1552707730.809537
1552707788.1266055
1552707803.2919505
1552707825.8137038
1552707832.7271047
1552707865.4832473
1552707920.5675259
1552707952.1904073
1552708002.0253808
1552708081.163059
1552708104.6583128
1552708124.0675085
1552708136.4737194
1552708138.1743238
1552708155.6972184
1552708183.3528373
1552708184.6469066
1552708199.3520215
1552708230.0586913
1552708237.0669503
1552708238.7442276
1552708266.701607
1552708284.508189
1552708334.942244
1552708350.295659
1552708391.9783545
1552708436.5789907
1552708459.7468522
1552708501.4914367
1552708550.91871
1552708573.7362976
1552708623.7744257
1552708644.1827743
1552708664.896814
1552708666.5702314
1552708668.0748723
1552708690.6161797
1552708713.5440395
1552708771.8947666
1552708789.9564886
1552708796.9931479
1552708890.8194978
1552708897.988272
1552708910.3963115
1552708952.7299645
1552708981.1173198
1552708988.469611
1552708992.8039029
1552708994.2707968
1552709006.809759
1552709013.8603773
1552709060.799313
1552709092.8260417
1552709102.1101158
1552709117.3207593
1552709132.537148
1552709137.0954244
1552709165.7260942
1552709167.7459161
1552709169.4528685
1552709209.8373203
1552709217.0401697
1552709249.0531723
1552709341.7627742
1552709351.1480668
1552709441.0026517
1552709452.6531458
1552709511.4743986
1552709556.081907
1552709603.1363997
1552709609.859362
1552709646.406784
1552709687.9629226
1552709766.9306078
1552709771.2519367
1552709775.4454653
1552709801.4022617
1552709810.8332307
1552709853.1359706
1552709857.9392872
1552709876.371893
1552709896.0481436
1552710004.9998558
1552710006.5188503
1552710075.1727433
1552710095.6623087
1552710100.235946
1552710154.6643622
1552710174.892126
1552710195.5455418
1552710207.7583308
1552710239.1089687
1552710270.7682219
1552710277.6748984
1552710289.875278
1552710324.2731721
1552710328.6090024
1552710335.8909285
1552710366.329146
1552710397.6056201
1552710409.6076713
1552710443.9926302
1552710478.0215633
1552710490.4030683
1552710494.5765517
1552710507.1270893
1552710508.907727
1552710510.682595
1552710540.6255076
1552710571.5785754
1552710572.943346
1552710577.0537643
1552710589.0401578
1552710615.8417907
1552710617.3781226
1552710627.258027
1552710628.7768524
1552710636.1699433
1552710643.3858345
1552710700.4056423
1552710704.8716009
1552710719.5807748
1552710729.5056145
1552710738.986971
1552710764.861125
1552710792.39216
1552710867.8136373
1552710877.8532164
1552710890.1180356
1552710891.7153876
1552710923.0700858
1552710958.342167
1552710963.0078576
1552710989.3879058
1552710998.7102134
1552711024.4507926
1552711060.5816717
1552711067.5135539
1552711092.425147
1552711094.0016172
1552711095.6610332
1552711142.5834937
1552711154.5575597
1552711161.7552679
1552711168.7102537
1552711235.304172
1552711282.1873965
1552711284.0152993
1552711301.2942564
1552711353.838737
1552711366.323117
1552711392.1690168
1552711404.219513
1552711500.4085011
1552711515.304638
1552711532.4875612
1552711552.5436532
1552711584.4683027
1552711621.1446571
1552711625.406037
1552711629.7229998
1552711696.194954
1552711711.1698382
1552711734.205157
1552711759.9582663
1552711764.3760157
1552711792.03704
1552711830.6703157
1552711832.318124
1552711873.2384737
1552711877.4394822
1552711906.4344947
1552711961.3519678
1552711976.4854763
1552711994.3043287
1552712121.6412044
1552712165.9656959
1552712172.8560927
1552712177.445593
1552712181.88377
1552712196.9059064
1552712214.4113877
1552712278.5893893
1552712282.8336442
1552712284.8224373
1552712291.5366285
1552712306.4169662
1552712326.6119208
1552712331.2761497
1552712335.2095838
1552712381.7717712
1552712385.941275
1552712445.0492032
1552712465.4870176
1552712595.8607984
1552712613.5007908
1552712623.4604278
1552712679.6877742
1552712681.1357744
1552712730.8435304
1552712795.9495013
1552712805.6245854
1552712882.1617208
1552712908.148221
1552712928.699477
1552712938.6805208
1552712961.7290778
1552712974.5534565
1552712976.1246245
1552712983.7467237
1552713032.3878262
1552713044.8136096
1552713093.7575243
1552713114.3121033
1552713115.8688061
1552713264.0226903
1552713284.8549407
1552713334.8949492
1552713361.4698117
1552713386.6993861
1552713399.4836845
1552713457.118264
1552713482.8884299
1552713538.0504212
1552713544.69869
1552713575.1831944
1552713589.792802
1552713608.1182516
1552713609.6913517
1552713624.1646183
1552713652.1823442
1552713658.9489954
1552713713.3511827
1552713754.6847901
1552713766.159633
1552713770.3047516
1552713787.9793258
1552713819.7841053
1552713834.655151
1552713844.4784734
1552713865.6056848
1552713875.6737843
1552713901.2680275
1552713915.93569
1552713920.2051556
1552713921.8730218
1552713936.8576903
1552713953.965779
1552713955.8226056
1552713968.133196
1552713996.064655
1552714008.3980336
1552714036.529115
1552714053.6773946
1552714065.575127
1552714092.9960685
1552714110.8017056
1552714128.1855586
1552714145.9559016
1552714177.400725
1552714184.4186544
1552714188.7227361
1552714190.455768
1552714192.0671484
1552714225.695362
1552714229.9582553
1552714239.4544322
1552714241.1796956
1552714282.849607
1552714284.628478
1552714286.255531
1552714292.250798
1552714296.351492
1552714316.624474
1552714321.0597572
1552714343.7214594
1552714388.327576
1552714389.8580623
1552714405.033717
1552714436.1956894
1552714440.114694
1552714460.6439636
1552714503.211939
1552714529.0703864
1552714535.7956433
1552714548.4856207
1552714577.426794
1552714592.296743
1552714605.0124245
1552714669.2205372
1552714705.7836378
1552714729.188464
1552714755.1164231
1552714814.6605191
1552714845.9368923
1552714874.473606
1552714886.869976
1552714920.700586
1552714935.7460532
1552715042.1468277
1552715059.8015957
1552715121.9926312
1552715159.0407312
1552715179.6531038
1552715194.775837
1552715212.691697
1552715213.941704
1552715215.534659
1552715317.4046814
1552715332.6124516
1552715378.3821466
1552715379.9785724
1552715395.3592727
1552715423.996755
1552715441.3927999
1552715442.9632003
1552715482.260217
1552715515.1515253
1552715541.2385364
1552715548.3509045
1552715563.4611418
1552715621.654055
1552715623.0831056
1552715699.6032598
1552715704.0103621
1552715708.3601012
1552715715.1823137
1552715803.128842
1552715823.2224352
1552715849.3235009
1552715850.885261
1552715880.3323634
1552715895.710584
1552715916.1425242
1552715917.9233534
1552715919.5946362
1552715966.0448039
1552715989.046821
1552716004.4575267
1552716035.212929
1552716070.2562687
1552716074.6851344
1552716076.2552958
1552716077.7833443
1552716091.7415051
1552716162.392819
1552716171.9125817
1552716234.0412173
1552716265.1606264
1552716322.9224494
1552716369.6127248
1552716386.7981339
1552716406.4695423
1552716451.4301906
1552716465.9601796
1552716470.2675352
1552716499.9478593
1552716544.4627078
1552716554.2132437
1552716582.9538312
1552716589.929475
1552716615.361246
1552716635.7232637
1552716637.2810957
1552716650.5005279
1552716678.7017817
1552716715.080194
1552716716.6322284
1552716735.6779552
1552716750.5632317
1552716765.4443774
1552716828.288092
1552716839.936905
1552716852.2627268
1552716861.9131122
1552716966.4296892
1552716976.1814592
1552716998.9434938
1552717016.0577173
1552717041.8794823
1552717078.0530846
1552717158.945134
1552717328.7951827
1552717362.5841923
1552717402.644452
1552717404.1293156
1552717451.8719938
1552717461.161118
1552717465.504665
1552717536.5862615
1552717546.4191797
1552717556.0970576
1552717579.1232345
1552717597.522463
1552717609.6416988
1552717639.2122343
1552717646.1611454
1552717660.4603102
1552717662.3377445
1552717666.572474
1552717673.1920955
1552717716.657407
1552717723.7588122
1552717740.996781
1552717771.3399773
1552717773.023176
1552717791.0971708
1552717829.3139255
1552717830.952315
1552717867.6306443
1552717869.2618337
1552717886.7384079
1552717909.989167
1552717954.7978754
1552717989.501532
1552718010.2580273
1552718044.8280437
1552718085.414631
1552718127.280367
1552718137.1016507
1552718141.329632
1552718160.211239
1552718209.757265
1552718279.353899
1552718402.3551962
1552718417.6284537
1552718424.8428383
1552718437.2512386
1552718497.0232952
1552718509.2695348
1552718532.1349874
1552718548.9734097
1552718550.6795168
1552718598.1703417
1552718599.7972515
1552718612.3945441
1552718616.1536744
1552718617.9117997
1552718667.6018603
1552718723.717577
1552718725.2351139
1552718746.2349377
1552718755.9475589
1552718814.1650395
1552718864.025197
1552718868.3782501
1552718880.6074018
1552718895.1732378
1552718939.3695784
1552718941.0213358
1552718966.292126
1552718970.8159416
1552718972.3002226
1552719038.597082
1552719067.0605915
1552719079.7270122
1552719092.6272447
1552719099.7502804
1552719104.019626
1552719178.6664443
1552719196.5046833
1552719213.6807163
1552719242.4341142
1552719276.6742115
1552719286.559615
1552719359.6131268
1552719361.3514218
1552719381.9731472
1552719421.4414995
1552719423.1991768
1552719435.8716595
1552719437.40887
1552719495.2232656
1552719504.553655
1552719511.4713113
1552719515.241427
1552719533.0950353
1552719553.4466581
1552719574.3123007
1552719581.1712892
1552719590.8910062
1552719700.823447
1552719704.887417
1552719739.7419493
1552719741.2154012
1552719783.2798474
1552719790.5383365
1552719810.5719736
1552719837.3915577
1552719884.697806
1552719920.3974266
1552720056.2064857
1552720182.9028666
1552720214.7104971
1552720235.1997266
1552720263.7945201
1552720276.508281
1552720359.0095348
1552720368.2903926
1552720395.5811203
1552720399.5478966
1552720448.5109377
1552720460.8073516
1552720462.3615365
1552720482.5818942
1552720518.6062913
1552720551.6092904
1552720553.0988832
1552720554.420188
1552720571.8055909
1552720581.7407372
1552720586.0502863
1552720587.6017616
1552720612.8935227
1552720614.5168533
1552720629.789393
1552720636.9547958
1552720638.4628725
1552720670.370951
1552720679.452649
1552720681.1048079
1552720726.2456462
1552720735.2792325
1552720755.5754633
1552720765.511028
1552720777.669687
1552720787.4647963
1552720789.2249262
1552720793.3036342
1552720797.1404543
1552720812.141356
1552720856.85893
1552720876.8972673
1552720906.0062416
1552720949.74498
1552721002.837192
1552721012.1696804
1552721013.7513866
1552721018.3821514
1552721041.9743993
1552721081.7054086
1552721106.9482486
1552721143.8263686
1552721193.426216
1552721194.993976
1552721202.0478034
1552721241.5655904
1552721243.2508667
1552721247.3237493
1552721270.1022184
1552721331.9887717
1552721352.7115355
1552721381.7567706
1552721401.442787
1552721403.060055
1552721418.1650372
1552721422.460902
1552721501.7292366
1552721511.632581
1552721523.7922804
1552721556.6400514
1552721584.7672882
1552721658.5215902
1552721660.1727612
1552721674.5014544
1552721681.455724
1552721687.7753549
1552721699.426191
1552721724.3816788
1552721871.8164606
1552721900.0227358
1552721904.107683
1552721908.2366328
1552721984.1018078
1552721998.9737594
1552722043.8555732
1552722059.1457021
1552722084.6323102
1552722088.6635222
1552722122.3723364
1552722136.8657277
1552722168.0110276
1552722188.8055015
1552722195.6785989
1552722224.7699277
1552722231.6743689
1552722278.752118
1552722309.936075
1552722352.9187462
1552722354.5913296
1552722366.6555893
1552722368.0899749
1552722396.4344945
1552722422.3435578
1552722434.5989637
1552722460.7567685
1552722506.4174771
1552722532.2219906
1552722533.9656115
1552722543.289862
1552722579.971755
1552722622.93021
1552722624.641259
1552722647.5201783
1552722657.7943783
1552722688.5649393
1552722767.312899
1552722811.6254947
1552722855.5954716
1552722883.1687074
1552722887.9092555
1552722913.5494392
1552722915.1367242
1552722924.8833816
1552722963.6114247
1552722965.3178174
1552722985.6559513
1552722995.4403954
1552723045.0898154
1552723049.3201115
1552723061.8451238
1552723087.5005064
1552723167.1782844
1552723227.4574966
1552723239.6791465
1552723251.7455094
1552723253.3665848
1552723263.0368116
1552723301.7686646
1552723317.4222543
1552723325.2630973
1552723421.0455697
1552723438.3110652
1552723462.076176
1552723487.4197507
1552723598.4155624
1552723600.2482262
1552723612.8966126
1552723622.547858
1552723637.705975
1552723641.8252478
1552723646.2634847
1552723674.8968766
1552723679.1375644
1552723716.3565009
1552723731.4090393
1552723743.6036909
1552723763.8759353
1552723768.1311731
1552723780.1741421
1552723803.446934
1552723816.1796854
1552723838.8859186
1552723883.6846383
1552723930.9105794
1552723967.8797312
1552723990.0325267
1552724076.5948834
1552724121.3069851
1552724146.185818
1552724153.0173695
1552724167.6779594
1552724200.6535728
1552724218.1274192
1552724241.1409113
1552724247.9303286
1552724289.837192
1552724307.5184858
1552724333.4100502
1552724345.4907117
1552724346.8991897
1552724372.840259
1552724390.7631347
1552724458.6120348
1552724540.6345513
1552724565.9654222
1552724581.299496
1552724673.1942027
1552724683.07963
1552724698.0524988
1552724758.2603238
1552724759.7520978
1552724785.1774318
1552724800.446602
1552724833.366526
1552724843.0677812
1552724852.475225
1552724875.5735075
1552724896.2485032
1552724939.119282
1552724943.7981796
1552724993.2879798
1552725021.6027873
1552725028.512602
1552725053.653309
1552725106.407707
1552725110.7431889
1552725126.4559264
1552725161.0827982
1552725217.0930543
1552725234.880029
1552725268.0972028
1552725301.9123993
1552725316.951568
1552725353.9551911
1552725411.9021368
1552725446.2610023
1552725453.3541503
1552725475.840764
1552725488.2089133
1552725517.0728002
1552725539.521693
1552725551.2126398
1552725573.9999685
1552725623.9549088
1552725636.7593412
1552725664.8448138
1552725680.2212174
1552725697.6286821
1552725701.6648595
1552725713.6482587
1552725746.7374003
1552725748.1971006
1552725771.7102072
1552725776.5280864
1552725826.510101
1552725830.9524622
1552725851.0885122
1552725855.396633
1552725878.6153896
1552725898.3323004
1552725950.9320188
1552725984.4435842
1552726010.443936
1552726031.306803
1552726080.9870107
1552726175.3927615
1552726182.1020157
1552726183.8476455
1552726233.1922698
1552726278.590475
1552726313.4969177
1552726371.562594
1552726415.3561866
1552726446.2708743
1552726450.198815
1552726508.0125332
1552726517.7399333
1552726541.1194959
1552726551.3472638
1552726579.6557481
1552726586.487572
1552726588.2861824
1552726668.7113166
1552726673.360075
1552726688.5599427
1552726690.331268
1552726737.0971122
1552726754.2345824
1552726761.40801
1552726792.656254
1552726796.9745672
1552726826.1616366
1552726838.4736547
1552726850.9331715
1552726914.3934374
1552726932.4790223
1552726942.1589127
1552726954.941762
1552726959.497226
1552726990.7976832
1552726992.2218359
1552727059.577253
1552727090.9544427
1552727100.2859323
1552727104.6925118
1552727113.8763952
1552727123.9365337
1552727133.2016144
1552727140.071794
1552727146.7079144
1552727158.9416912
1552727230.6044672
1552727250.7816298
1552727273.7781804
1552727278.0247583
1552727286.9809787
1552727312.498339
1552727332.7852046
1552727347.678025
1552727371.2461984
1552727380.7363167
1552727406.4698145
1552727469.6214137
1552727471.2768054
1552727550.1970766
1552727560.1912093
1552727618.3892157
1552727628.2341013
1552727675.2260103
1552727693.1594455
1552727702.464243
1552727797.4811227
1552727802.0848773
1552727816.917513
1552727826.207671
1552727854.476491
1552727869.3530254
1552727921.467712
1552727923.0164561
1552727951.336936
1552727961.4823809
1552728058.1502864
1552728124.586686
1552728126.075422
1552728194.6282306
1552728211.5729845
1552728279.9241254
1552728292.1466236
