1552871156.7691119
1552871187.1210911
1552871217.2430212
1552871218.990713
1552871250.437068
1552871284.3980322
1552871319.9287398
1552871329.806194
1552871359.0620332
1552871374.3154223
1552871402.772005
1552871485.4120612
1552871516.5927846
1552871562.07516
1552871575.9659286
1552871624.651254
1552871633.4002008
1552871654.4980283
1552871665.0927093
1552871666.76706
1552871679.3283765
1552871722.8447802
1552871727.9863503
1552871729.6279573
1552871731.1029432
1552871745.3366504
1552871774.7415442
1552871777.4769633
1552871801.354856
1552871824.4632597
1552871834.0508056
1552871841.0791566
1552871954.6555095
1552871957.3341792
1552871979.4521568
1552872010.6103978
1552872050.0034733
1552872055.7154894
1552872062.689121
1552872077.5612338
1552872109.5260248
1552872113.9473732
1552872160.695006
1552872165.9566908
1552872247.4089134
1552872284.9345458
1552872294.583732
1552872323.2079284
1552872337.8407352
1552872339.6033504
1552872346.717937
1552872362.4240808
1552872445.5173185
1552872448.066165
1552872508.7489467
1552872514.7126791
1552872561.6520913
1552872662.067114
1552872699.0920477
1552872715.530978
1552872727.4395008
1552872754.8563633
1552872808.2642977
1552872851.520724
1552872861.9005406
1552872920.1660843
1552872933.939515
1552872965.5173357
1552873120.9034183
1552873122.6042674
1552873125.7726376
1552873154.4608483
1552873177.4878268
1552873194.9798968
1552873214.8005507
1552873289.0562072
1552873301.7085974
1552873319.384043
1552873343.7812583
1552873353.8095384
1552873367.2860723
1552873390.060208
1552873417.8621323
1552873435.0355928
1552873467.8084242
1552873477.274718
1552873535.7332513
1552873558.0983722
1552873601.393379
1552873604.1306424
1552873614.912756
1552873661.1429625
1552873719.2971358
1552873733.1161785
1552873780.0619411
1552873790.8032496
1552873799.523683
1552873861.9588609
1552873864.3972123
1552873886.4306269
1552873928.4193676
1552873946.8761325
1552873956.9267583
1552874109.3826823
1552874155.0386693
1552874162.9662356
1552874167.1342592
1552874213.013682
1552874221.8167548
1552874230.877295
1552874253.0361478
1552874281.0396955
1552874295.2526743
1552874306.591432
1552874367.8761191
1552874370.4068575
1552874396.699482
1552874445.831594
1552874481.591458
1552874510.0750015
1552874542.573853
1552874585.2332308
1552874588.2022235
1552874605.299414
1552874683.63567
1552874689.1950588
1552874710.1359725
1552874717.1327734
1552874748.516588
1552874760.1629696
1552874862.2769055
1552875013.9132056
1552875015.6531236
1552875020.014005
1552875084.7026834
1552875147.831879
1552875152.092088
1552875153.6816537
1552875158.2154884
1552875200.6353538
1552875223.8494475
1552875246.6817214
1552875293.6171393
1552875327.465916
1552875353.6826205
1552875402.5349722
1552875415.1795576
1552875422.237108
1552875467.965136
1552875484.4188118
1552875504.7195024
1552875540.388071
1552875615.3048954
1552875684.086465
1552875728.9947817
1552875755.7006538
1552875847.119351
1552875885.6725378
1552875887.292886
1552875933.1672547
1552875934.5939662
1552875997.9452949
1552876090.7318294
1552876164.5504625
1552876219.638389
1552876224.3469515
1552876248.1776495
1552876253.2013214
1552876335.6727552
1552876374.004422
1552876375.5779564
1552876390.4991984
1552876445.982343
1552876491.0072446
1552876604.9926174
1552876755.7636867
1552876846.142235
1552876850.4075959
1552876887.2343235
1552876910.096643
1552876911.941745
1552876944.0502412
1552876959.664127
1552876993.4758608
1552877006.8343883
1552877026.221973
1552877034.9356976
1552877040.4102128
1552877100.3676014
1552877107.7043247
1552877142.8948538
1552877163.5023973
1552877183.3543055
1552877199.6860125
1552877210.6073663
1552877295.015632
1552877407.139902
1552877416.5601761
1552877428.6086814
1552877439.135697
1552877469.4493093
1552877480.460658
1552877488.2528098
1552877505.7943404
1552877542.6315582
1552877568.4375079
1552877608.1491888
1552877609.5303884
1552877616.0608063
1552877649.57128
1552877667.2105367
1552877678.5459783
1552877714.7746212
1552877733.710475
1552877745.1838844
1552877777.5258527
1552877791.160004
1552877865.2424326
1552877867.0180368
1552877881.3686116
1552877903.8552368
1552877995.8243332
1552878003.843362
1552878009.240997
1552878011.5302799
1552878026.5043426
1552878033.7325823
1552878068.683513
1552878075.4109552
1552878086.714626
1552878100.3282237
1552878144.9010842
1552878218.3465202
1552878228.5486226
1552878271.8675377
1552878361.8872159
1552878368.111883
1552878378.4679673
1552878380.797392
1552878465.4142444
1552878548.317532
1552878562.4020426
1552878591.179982
1552878609.1364639
1552878631.5859833
1552878636.899939
1552878651.1994371
1552878670.7935808
1552878709.9512298
1552878736.7865565
1552878781.3874493
1552878801.7309842
1552878836.8149173
1552878886.3514526
1552878902.224629
1552878903.980845
1552878905.408633
1552878927.274767
1552878985.4584491
1552879107.0588431
1552879129.155471
1552879135.865657
1552879137.5111504
1552879181.8504443
1552879254.9688673
1552879266.871905
1552879276.585945
1552879331.320004
1552879372.0947511
1552879464.222052
1552879480.3445704
1552879484.6870537
1552879499.482635
1552879531.3436267
1552879544.4730616
1552879583.3563893
1552879661.527735
1552879678.0252247
1552879683.2871592
1552879710.5342581
1552879713.136809
1552879730.756462
1552879751.738216
1552879810.850045
1552879818.6664598
1552879859.268407
1552879891.185113
1552879898.9387107
1552879905.2354088
1552879933.18863
1552879949.0518548
1552879983.4987097
1552879995.0094223
1552880036.358771
1552880048.906496
1552880050.434805
1552880095.1108227
1552880124.884125
1552880209.1729906
1552880210.9184785
1552880216.032528
1552880238.699176
1552880262.1644266
1552880276.0360303
1552880286.9190128
1552880368.843904
1552880383.5962338
1552880402.3442423
1552880404.8738818
1552880455.6231098
1552880507.3268995
1552880557.425819
1552880571.3057733
1552880624.5243402
1552880641.9589474
1552880679.1752322
1552880695.3974924
1552880720.976349
1552880761.3590653
1552880776.611568
1552880791.2306058
1552880809.3259234
1552880854.7601154
1552880863.828055
1552880905.6150877
1552880916.8850098
1552880925.7017283
1552880934.8485992
1552880945.7152631
1552880947.3773642
1552880989.5323772
1552881000.231524
1552881024.9197783
1552881031.5620527
1552881093.7456908
1552881136.2485895
1552881149.290343
1552881166.2877712
1552881182.6504164
1552881236.6353939
1552881289.6701248
1552881317.965525
1552881337.2961884
1552881352.8341284
1552881374.7679212
1552881376.5098212
1552881445.188217
1552881451.3545735
1552881475.0988677
1552881493.8800511
1552881503.582654
1552881567.7303932
1552881581.9380078
1552881602.0529099
1552881622.209385
1552881659.9879806
1552881675.8371804
1552881689.6535516
1552881798.1055255
1552881825.0472894
1552881833.3658283
1552881844.2338781
1552881867.356029
1552881893.2940528
1552881914.7451396
1552881962.8219786
1552881964.171341
1552881970.8621814
1552881991.4961526
1552882024.897911
1552882091.4420388
1552882127.4610074
1552882162.5639896
1552882164.112276
1552882195.268029
1552882229.857638
1552882268.7010572
1552882285.0726883
1552882286.7377033
1552882292.3530474
1552882349.5865498
1552882361.4547846
1552882370.845482
1552882372.4043262
1552882395.417649
1552882406.0867615
1552882414.1007802
1552882415.6915698
1552882471.3615608
1552882494.8388462
1552882523.2788346
1552882568.048818
1552882579.086871
1552882650.998774
1552882691.5029252
1552882701.7802658
1552882723.6826966
1552882731.0230987
1552882742.028951
1552882750.0900548
1552882769.613414
1552882772.1438267
1552882808.0494294
1552882822.7402987
1552882824.1925452
1552882843.8329005
1552882851.651321
1552882892.6114585
1552882921.7394438
1552883012.2360456
1552883020.1082282
1552883028.6849704
1552883133.304016
1552883207.3573737
1552883209.9994068
1552883222.5047524
1552883423.795249
1552883516.4201338
1552883537.627519
1552883541.806296
1552883552.6295693
1552883574.1709805
1552883677.3228667
1552883678.999422
1552883716.1910594
1552883717.97322
1552883750.125133
1552883759.4871783
1552883775.3440807
1552883787.165237
1552883808.9893522
1552883856.598488
1552883861.5530453
1552883890.596455
1552883904.126589
1552883921.1142807
1552883962.9656744
1552883978.3493252
1552884011.5339222
1552884078.28519
1552884094.680047
1552884184.7675502
1552884188.6958325
1552884211.4802332
1552884376.2090523
1552884396.8677328
1552884401.473868
1552884442.2777321
1552884443.8216794
1552884456.0979161
1552884515.148336
1552884525.0575044
1552884549.2957087
1552884620.9818876
1552884629.010069
1552884664.27845
1552884681.0389707
1552884702.0182724
1552884730.3708522
1552884752.5448322
1552884776.1610687
1552884777.9562747
1552884820.4339654
1552884836.066472
1552884855.5694885
1552884922.0093086
1552884938.3298566
1552884949.6121993
1552884993.22326
1552885013.799353
1552885015.5209942
1552885028.9056516
1552885040.1536648
1552885204.9659681
1552885252.9282708
1552885264.392932
1552885273.5138896
1552885298.5821908
1552885391.5109782
1552885413.0674348
1552885415.8225806
1552885427.0237658
1552885443.345101
1552885448.8704798
1552885530.376058
1552885612.0238972
1552885665.1753187
1552885676.9225929
1552885844.4272852
1552885878.9215498
1552885884.1742287
1552885970.2188041
1552886124.0431566
1552886149.7369828
1552886170.2290955
1552886182.8118298
1552886185.4879472
1552886218.8686516
1552886225.0986707
1552886229.622587
1552886235.9714246
1552886257.8523023
1552886331.8784606
1552886339.7395504
1552886394.879322
1552886398.554423
1552886427.5061367
1552886429.0270827
1552886430.5993989
1552886448.8001597
1552886512.1739159
1552886558.3158782
1552886568.9254391
1552886717.4012127
1552886805.1771736
1552886817.0266893
1552886847.7519727
1552886863.3254778
1552886881.1328125
1552886912.4845176
1552886951.7390182
1552886985.1001866
1552887033.447784
1552887091.320106
1552887130.911011
1552887133.5724542
1552887220.5918527
1552887254.8093693
1552887256.4718683
1552887291.1792116
1552887319.231547
1552887351.2736423
1552887381.8238513
1552887400.35005
1552887402.0403025
1552887430.4832304
1552887439.4579804
1552887471.2671218
1552887496.6696825
1552887511.9589005
1552887566.180176
1552887579.0317128
1552887589.9439766
1552887648.1963356
1552887695.9604023
1552887702.582953
1552887716.7104373
1552887718.1399906
1552887785.1154013
1552887906.1382432
1552887914.358504
1552887925.1123269
1552887992.9052281
1552887995.5328786
1552888003.4988656
1552888036.3207974
1552888040.5027812
1552888073.142279
1552888096.7217586
1552888102.3481114
1552888159.559648
1552888211.2240546
1552888236.9601305
1552888245.1963217
1552888301.0826325
1552888353.6210945
1552888359.085902
1552888367.3830492
1552888389.7125616
1552888407.303757
1552888412.4007032
1552888416.5876868
1552888523.7089736
1552888546.2103686
1552888549.9402952
1552888564.1778638
1552888572.4338996
1552888588.0935006
1552888615.1317494
1552888641.283107
1552888733.4281502
1552888735.0093462
1552888736.5329053
1552888744.1020002
1552888764.4497898
1552888774.0448174
1552888790.957562
1552888800.0880702
1552888830.9975834
1552888848.8014321
1552888885.6931257
1552888907.6657836
1552888919.3826954
1552888931.2407568
1552888960.0810766
1552888965.407462
1552888967.0835137
1552888978.1594071
1552888990.7620044
1552889016.0877967
1552889036.3175492
1552889047.0166192
1552889057.8597016
1552889094.0912728
1552889105.0694802
1552889145.6587121
1552889175.4729738
1552889217.426523
1552889289.8058817
1552889303.2149436
1552889331.412758
1552889373.8250031
1552889391.3822336
1552889422.518364
1552889494.866352
1552889522.3287392
1552889530.506411
1552889555.5205433
1552889586.5122523
1552889597.3859222
1552889598.982625
1552889627.9561565
1552889671.835742
1552889747.4325619
1552889761.3144255
1552889766.5681105
1552889773.3655093
1552889784.2550776
1552889845.7974026
1552889863.2541041
1552889885.763618
1552889959.0423896
1552889987.931387
1552890004.4709127
1552890020.0343876
1552890021.803483
1552890060.9897685
1552890075.8854427
1552890174.249012
1552890190.7482061
1552890224.5408404
1552890232.7005658
1552890270.725326
1552890353.2326746
1552890387.97395
1552890438.815045
1552890457.3830304
1552890566.1538095
1552890591.7506816
1552890650.7239246
1552890765.984661
1552890787.1078706
1552890788.6116714
1552890790.2666414
1552890841.104464
1552890884.5997646
1552890886.3088408
1552890890.863091
1552890959.3643453
1552891035.2377067
1552891058.026469
1552891072.4153106
1552891169.9499269
1552891175.986645
1552891259.105992
1552891260.781346
1552891283.0836885
1552891305.1814814
1552891341.270537
1552891411.1112645
1552891412.7103162
1552891473.7620416
1552891487.4991713
1552891501.4022431
1552891511.74019
1552891553.9191582
1552891572.792171
1552891607.387828
1552891653.4198883
1552891671.0779738
1552891787.3185313
1552891814.786572
1552891849.8573277
1552891873.754758
1552891876.358657
1552891883.761126
1552891941.226999
1552891945.6726744
1552891949.846012
1552891955.5464542
1552891980.5940878
1552892019.6870878
1552892033.8998482
1552892051.466798
1552892139.295204
1552892152.3817136
1552892200.7469547
1552892233.509023
1552892278.807995
1552892298.3093765
1552892299.7309356
1552892337.3599155
1552892398.6006458
1552892400.2364826
1552892432.4986205
1552892442.8760102
1552892453.473689
1552892484.8965843
1552892494.3031573
1552892530.1098034
1552892541.9888656
1552892633.0577257
1552892659.9381068
1552892670.4790618
1552892709.191763
1552892732.578156
1552892759.8776972
1552892795.0465877
1552892801.6140833
1552892806.0832407
1552892845.740954
1552892863.7271366
1552892894.8546655
1552892950.5672016
1552892953.4879932
1552892986.358147
1552893006.208643
1552893058.0302835
1552893070.708255
1552893089.3641503
1552893145.112752
1552893147.8405435
1552893266.5183692
1552893272.4441025
1552893283.7025952
1552893300.8716013
1552893305.2527876
1552893328.6462538
1552893410.2545247
1552893441.7727377
1552893493.4127877
1552893517.388118
1552893549.6599696
1552893650.638344
1552893667.8496833
1552893750.971962
1552893759.1036782
1552893930.668405
1552893951.354669
1552894044.2921195
1552894102.1867762
1552894126.915332
1552894129.925262
1552894139.199495
1552894170.9279528
1552894175.3276012
1552894190.981795
1552894229.3469253
1552894254.2366233
1552894320.120518
1552894413.1873438
1552894451.5842962
1552894453.2370262
1552894477.4017444
1552894481.541561
1552894506.8077207
1552894534.4475338
1552894535.967913
1552894546.3533416
1552894557.6981347
1552894638.5830057
1552894640.311944
1552894696.5047128
1552894737.5485518
1552894745.32058
1552894758.2256668
1552894818.9664242
1552894853.7638893
1552894926.9141264
1552894969.067731
1552894988.3533268
1552895042.9530048
1552895084.6600516
1552895126.1758592
1552895199.1983929
1552895209.7784114
1552895222.7382712
1552895245.8926265
1552895322.99166
1552895347.020344
1552895360.5676003
1552895399.855233
1552895423.5247555
1552895456.796794
1552895517.3025842
1552895536.0460036
1552895553.576719
1552895566.6759639
1552895569.3801858
1552895653.5001085
1552895655.257806
1552895696.829434
1552895705.807428
1552895721.0583181
1552895763.271088
1552895827.781534
1552895830.5978513
1552895853.8609362
1552895891.21298
1552895953.6479163
1552896018.6571314
1552896024.1914124
1552896025.8103292
1552896033.5654912
1552896064.8628356
1552896075.649572
1552896095.4222066
1552896108.8081543
1552896114.3114872
1552896154.2733908
1552896180.2376955
1552896182.7027042
1552896236.9762259
1552896274.3083854
1552896276.1580007
1552896284.4506981
1552896302.639532
1552896360.456502
1552896376.3552995
1552896387.5267198
1552896395.8556623
1552896493.9058518
1552896507.2431393
1552896518.6333032
1552896535.48136
1552896545.1276433
1552896555.6766987
1552896558.3305428
1552896565.3415368
1552896569.950398
1552896582.6686568
1552896584.1457021
1552896602.951391
1552896611.4473152
1552896616.8045516
1552896653.2418132
1552896672.8606732
1552896677.275249
1552896721.330127
1552896750.2860312
1552896823.2190857
1552896838.6385205
1552896846.975125
1552896880.1416786
1552896905.6163893
1552897006.0266607
1552897022.2330787
1552897038.8510444
1552897089.468985
1552897098.8965495
1552897104.3217776
1552897136.258761
1552897153.4429374
1552897158.5153677
1552897220.673768
1552897227.71103
1552897235.2064857
1552897250.2612464
1552897293.6148741
1552897398.3548896
1552897400.9654381
1552897527.5349715
1552897530.1294055
1552897589.6112697
1552897624.2152987
1552897684.6302497
1552897739.9765084
1552897803.3757918
1552897843.93489
1552897868.3214064
1552897891.5530255
1552898053.716999
1552898091.9536362
1552898109.8584864
1552898136.399912
1552898139.1653483
1552898140.6531518
1552898158.8211303
1552898169.3751092
1552898186.066913
1552898187.5757504
1552898207.0777144
1552898341.1436272
1552898342.9861786
1552898367.5619707
1552898411.6462963
1552898466.8576458
1552898495.0459206
1552898530.523765
1552898556.4464517
1552898615.7026806
1552898639.642992
1552898659.6063914
1552898692.586501
1552898710.2922347
1552898714.3034534
1552898739.9198227
1552898751.6057293
1552898785.936837
1552898889.302631
1552898891.873857
1552898903.419394
1552898905.2517848
1552898961.814773
1552899040.411201
1552899057.3060935
1552899100.6461024
1552899116.948013
1552899124.9435449
1552899209.3572457
1552899231.9921188
1552899315.9803085
1552899380.64362
1552899382.1717396
1552899400.4201453
1552899447.2957556
1552899464.410893
1552899513.7037241
1552899528.488499
1552899546.1756673
1552899603.608333
1552899605.1391685
1552899611.4975789
1552899629.3837774
1552899636.4572227
1552899685.1232457
1552899710.8748825
1552899745.6769683
1552899760.2245038
1552899771.1627662
1552899817.693825
1552899872.3569698
1552900057.6637
1552900073.630063
1552900093.0247893
1552900098.4450176
1552900137.1201801
1552900204.1978624
1552900239.8203952
1552900247.7367826
1552900267.76735
1552900363.2407913
1552900395.2961836
1552900399.6052992
1552900424.3449984
1552900472.58741
1552900534.3636413
1552900574.1553383
1552900652.2957373
1552900678.317059
1552900728.8609788
1552900744.5853968
1552900771.1722922
1552900784.8538585
1552900830.858178
1552900840.1402276
1552900844.447894
1552900889.3026009
1552900999.6159203
1552901038.9128609
1552901042.0430894
1552901057.8675458
1552901075.3410702
1552901123.2384753
1552901124.842578
1552901169.610462
1552901189.799184
1552901243.8406432
1552901246.3833833
1552901263.5704112
1552901268.9787145
1552901283.8704681
1552901298.9043834
1552901300.6463335
1552901357.2148497
1552901381.7186573
1552901437.1909244
1552901566.0804536
1552901586.46093
1552901613.06779
1552901662.2433312
1552901689.3966887
1552901693.6887705
1552901728.3280437
1552901768.4553716
1552901783.7274103
1552901800.742715
1552901817.5791814
1552901819.1339693
1552901845.5084624
1552901858.096537
1552901919.6452048
1552901921.207534
1552901931.825387
1552901998.6810732
1552902031.4380724
1552902042.8657045
1552902050.2117722
1552902059.8961308
1552902068.387631
1552902081.546075
1552902108.1650708
1552902150.6307664
1552902154.4489005
1552902181.2020493
1552902203.7215629
1552902210.6518834
1552902238.4776626
1552902240.2079177
1552902326.9178874
1552902337.923131
1552902392.1293411
1552902575.5222716
1552902610.5318656
1552902628.714148
1552902637.7551937
1552902655.0176852
1552902661.3773937
1552902672.1337974
1552902676.4518275
1552902686.433456
1552902704.9400086
1552902755.8322294
1552902761.2289615
1552902763.0972948
1552902791.535233
1552902861.5673892
1552902886.4341733
1552902894.7523906
1552902908.8637688
1552902933.3590972
1552902959.0977988
1552902975.6655672
1552903019.5838118
1552903062.0605268
1552903123.3960357
1552903128.0096707
1552903161.6206717
1552903224.795242
1552903234.1460989
1552903287.5173972
1552903307.8075569
1552903355.4341712
1552903397.4629936
1552903421.636779
1552903424.1386998
1552903437.0522568
1552903462.8035984
1552903470.8593712
1552903486.3905537
1552903498.5360384
1552903522.2778866
1552903532.1021078
1552903575.2611868
1552903589.5589588
1552903617.359099
1552903699.044745
1552903825.4443758
1552903852.4452944
1552903878.8852446
1552903892.5417047
1552903894.0871587
1552903899.3046143
1552903906.3945997
1552903938.59166
1552903988.391121
1552904001.5641425
1552904089.6633818
1552904105.7879903
1552904117.362036
1552904124.6830835
1552904142.687516
1552904200.754824
1552904202.2863455
1552904213.0922868
1552904223.833761
1552904232.02053
1552904355.8829489
1552904377.953326
1552904396.053401
1552904422.9455698
1552904437.2746885
1552904449.939684
1552904455.3353052
1552904475.5888624
1552904476.8759735
1552904504.7750852
1552904604.6425524
1552904668.8678293
1552904714.8907347
1552904770.1718395
1552904784.0420158
1552904852.6430624
1552904894.244202
1552904964.645043
1552904975.534744
1552904980.9042423
1552904987.3281732
1552904995.0841956
1552905058.327209
1552905059.7683928
1552905070.09229
1552905072.5767438
1552905125.0443697
1552905136.653768
1552905150.7179508
1552905169.4725082
1552905231.667635
1552905240.3039815
1552905259.9432917
1552905311.8188581
1552905333.3583155
1552905335.2305653
1552905376.1657426
1552905389.3107207
1552905390.9013104
1552905393.5864995
1552905407.141639
1552905440.5645385
1552905455.402517
1552905496.726116
1552905514.517733
1552905544.6048837
1552905566.7077227
1552905582.4375498
1552905590.5665553
1552905623.3123846
1552905651.3522866
1552905694.556642
1552905715.3030114
1552905756.2006316
1552905822.9709704
1552905830.85983
1552905834.493501
1552905848.1413698
1552905926.3783305
1552905990.6879995
1552906004.2262719
1552906013.5384018
1552906041.2214067
1552906083.845657
1552906111.8798165
1552906122.6675856
1552906129.2017035
1552906188.9734316
1552906190.485556
1552906194.6131897
1552906215.787955
1552906228.3813496
1552906282.8858047
1552906334.318625
1552906480.5159674
1552906535.7225347
1552906580.0411928
1552906588.0802493
1552906589.6231058
1552906607.9252036
1552906619.4231474
1552906666.123565
1552906673.1260066
1552906714.495118
1552906807.769314
1552906839.3675323
1552906878.9230735
1552906905.8186269
1552906944.8393867
1552906956.1091666
1552906973.1064265
1552907006.4205213
1552907043.1490912
1552907056.3755424
1552907064.8758028
1552907082.0297003
1552907091.0586526
1552907104.4267876
1552907108.9741995
1552907124.5988793
1552907145.6413505
1552907211.7858973
1552907217.098513
1552907248.0922956
1552907257.6743982
1552907267.1217134
1552907316.4320261
1552907351.0142794
1552907379.9991722
1552907422.7444234
1552907510.6854117
1552907562.7157164
1552907573.6593068
1552907586.9664357
1552907598.8068392
1552907635.60137
1552907667.8433728
1552907682.2272193
1552907697.7111769
1552907699.99321
1552907762.2961483
1552907794.2113836
1552907901.1465921
1552907909.419619
1552907911.9719892
1552907938.5944238
1552907940.1912825
1552907945.5041168
1552907955.168948
1552907971.0390399
1552908035.0791252
1552908075.6075275
1552908217.7078586
1552908225.5962746
1552908235.5934567
1552908242.5673082
1552908249.5115445
1552908251.8804688
1552908268.365103
1552908272.7254586
1552908375.0047295
1552908415.9122763
1552908446.1592176
1552908455.1418169
1552908495.274431
1552908507.9635234
1552908515.8107991
1552908604.170678
1552908611.6854987
1552908689.6619399
1552908724.1427903
1552908781.8192205
1552908835.6162148
1552908837.234106
1552908864.1328385
1552908882.022062
1552908887.7893844
1552908911.2176023
