1551233404.0721073
1551233417.4802744
1551233442.2927926
1551233477.9641688
1551233510.1895814
1551233511.9573147
1551233526.722602
1551233538.0644746
1551233549.5910325
1551233579.8332615
1551233585.431593
1551233599.643736
1551233632.39155
1551233699.5930758
1551233700.0185456
1551233718.7820017
1551233727.1951842
1551233800.1517546
1551233850.1305146
1551233891.5146701
1551233909.5630004
1551233951.2664099
1551234014.7714589
1551234035.5556562
1551234052.5293288
1551234055.035598
1551234149.7495277
1551234159.191359
1551234189.6627638
1551234204.825407
1551234275.5358365
1551234283.69077
1551234303.590205
1551234319.0689127
1551234372.1029506
1551234391.4069023
1551234431.944565
1551234471.5085235
1551234590.19463
1551234613.8731956
1551234644.6871667
1551234658.7656157
1551234676.3485289
1551234681.1954699
1551234734.775115
1551234753.3602295
1551234850.3916168
1551234869.991815
1551234883.8994217
1551234918.3875015
1551234933.5996294
1551235018.87201
1551235019.1758265
1551235032.682704
1551235078.3314407
1551235081.8397036
1551235083.1133828
1551235133.008666
1551235230.8789098
1551235267.6258314
1551235284.0735507
1551235334.9244127
1551235361.7473826
1551235386.126767
1551235403.322334
1551235492.492856
1551235513.3103595
1551235513.8087513
1551235553.3506532
1551235602.2265432
1551235605.6123593
1551235647.2615829
1551235659.8285828
1551235662.7941544
1551235701.9693408
1551235721.3907254
1551235757.2611818
1551235784.4435182
1551235810.7519977
1551235881.1703217
1551235910.095357
1551235982.5229647
1551236031.9828446
1551236084.3343155
1551236122.6784005
1551236170.478747
1551236173.0068252
1551236211.9207466
1551236285.8474565
1551236305.3555899
1551236360.1524067
1551236381.4550261
1551236455.363532
1551236467.770547
1551236500.2918513
1551236643.4856732
1551236647.9180975
1551236666.825009
1551236679.5783558
1551236697.5753002
1551236766.2623477
1551236798.0446362
1551236853.6250837
1551236903.7356737
1551236972.04919
1551236990.2011268
1551236992.0826766
1551236995.9659956
1551237132.1487362
1551237151.832516
1551237178.0758374
1551237197.12429
1551237202.7217073
1551237264.2098308
1551237369.034408
1551237388.951229
1551237394.1566858
1551237406.470673
1551237465.6065414
1551237479.8105428
1551237483.7485182
1551237522.632183
1551237529.7228189
1551237555.4324887
1551237646.0607057
1551237698.3553393
1551237741.1666698
1551237761.9041402
1551237831.112829
1551237841.733512
1551237847.8373911
1551237930.44792
1551237965.5254622
1551237979.5109322
1551238029.4561603
1551238048.7038383
1551238068.4210708
1551238097.669956
1551238138.0309725
1551238143.107711
1551238145.353976
1551238171.8235188
1551238184.3977256
1551238200.4908638
1551238223.034203
1551238346.5483706
1551238371.9844515
1551238387.9687507
1551238399.5949326
1551238476.0465736
1551238528.9496143
1551238553.6183386
1551238577.8233912
1551238622.2307675
1551238730.039753
1551238734.721683
1551238794.604581
1551238802.0700877
1551238811.2421854
1551238847.1923013
1551238861.6947193
1551238894.98872
1551239033.3359838
1551239127.7187092
1551239166.3796268
1551239174.2321496
1551239175.3509607
1551239191.3395212
1551239194.1275237
1551239211.4991758
1551239297.6635852
1551239420.5768967
1551239430.4931355
1551239447.4266946
1551239484.232933
1551239504.828163
1551239586.2075279
1551239600.4519994
1551239642.2382178
1551239652.1662185
1551239695.2302425
1551239702.1240902
1551239711.1161976
1551239714.2204244
1551239758.1097212
1551239772.3775125
1551239808.919488
1551239814.461643
1551239846.8652582
1551239949.6673214
1551239956.7170022
1551239993.4628546
1551240001.986997
1551240004.0017755
1551240006.3152907
1551240117.5928185
1551240236.897788
1551240247.0306935
1551240251.821319
1551240254.8770077
1551240346.0313408
1551240390.148401
1551240403.7128932
1551240424.7116451
1551240441.1464674
1551240452.3006005
1551240541.769156
1551240559.3723195
1551240595.0370224
1551240610.7957227
1551240681.4315073
1551240710.390112
1551240799.7112284
1551240802.8567967
1551240824.1201289
1551240844.3286655
1551240883.5818744
1551240919.526495
1551240958.9786882
1551240978.7729917
1551240982.717938
1551241042.7921116
1551241065.3259745
1551241109.0633862
1551241131.8333328
1551241161.5848486
1551241173.5101955
1551241179.9957225
1551241204.3050911
1551241217.2384105
1551241283.0931914
1551241285.8613381
1551241350.0003526
1551241376.1151512
1551241387.1847196
1551241391.4791443
1551241404.922648
1551241468.8077822
1551241480.168983
1551241508.6174197
1551241558.478592
1551241581.7913535
1551241670.4613204
1551241680.479994
1551241684.8151975
1551241698.1693285
1551241699.268926
1551241706.3164356
1551241724.1725528
1551241732.4911256
1551241739.1825788
1551241758.0472176
1551241774.8620622
1551241835.1372755
1551241859.2412972
1551241878.2328012
1551241888.813918
1551242022.4730098
1551242035.6636992
1551242037.472209
1551242065.9139082
1551242107.9865649
1551242113.13425
1551242129.5159292
1551242163.7511363
1551242189.257534
1551242196.4851713
1551242203.755084
1551242218.8347256
1551242267.9840431
1551242308.4643118
1551242556.3682075
1551242562.1621225
1551242574.083316
1551242586.531056
1551242614.6026084
1551242733.0861025
1551242742.7932303
1551242764.1197793
1551242765.8449302
1551242791.3521528
1551242799.956117
1551242806.3519175
1551242845.1708477
1551242854.7545075
1551242909.106122
1551242942.074516
1551242991.607893
1551243009.4267237
1551243031.0945852
1551243088.5283763
1551243110.6653473
1551243136.7801206
1551243189.466628
1551243236.0790246
1551243264.9046772
1551243275.2739897
1551243296.3839083
1551243323.8305387
1551243336.7884617
1551243370.003248
1551243420.4589312
1551243499.509469
1551243510.354428
1551243553.271117
1551243564.174154
1551243632.2290814
1551243636.2930937
1551243664.9846168
1551243716.9430537
1551243718.7867186
1551243744.6406999
1551243786.4710884
1551243799.1603925
1551243802.9155927
1551243829.2565467
1551243950.803792
1551243966.1036174
1551243996.2071464
1551244013.0389462
1551244025.2656722
1551244035.2925057
1551244102.1658547
1551244120.8160098
1551244124.842561
1551244133.988262
1551244145.2717578
1551244153.1131303
1551244183.7390099
1551244187.0438874
1551244272.6835067
1551244282.1054971
1551244300.6291075
1551244339.3495467
1551244361.9269288
1551244382.0415077
1551244411.2940114
1551244427.914674
1551244446.4432507
1551244503.4418447
1551244559.6596336
1551244598.651244
1551244606.8655014
1551244629.1066008
1551244639.4111087
1551244642.6405356
1551244716.9404185
1551244741.1657796
1551244745.8744156
1551244769.29516
1551244798.244647
1551244909.3035429
1551244992.7952483
1551245069.0336287
1551245118.555464
1551245124.0767522
1551245144.5665462
1551245157.9950762
1551245161.9693565
1551245221.747789
1551245232.4899616
1551245262.153954
1551245291.9496062
1551245309.3519454
1551245320.89398
1551245335.2478688
1551245343.673242
1551245364.375083
1551245420.6361408
1551245436.7717214
1551245439.2546563
1551245441.0536668
1551245531.9285314
1551245584.0093904
1551245602.5368261
1551245609.7637007
1551245617.1244814
1551245684.929696
1551245733.7407577
1551245752.4731548
1551245801.7031894
1551245855.0952175
1551245896.1390324
1551245910.7226288
1551245912.4286144
1551245990.0733042
1551245990.235468
1551245999.6235855
1551246033.3029153
1551246057.1044545
1551246070.6369054
1551246079.6744008
1551246102.0701566
1551246103.1913042
1551246109.549617
1551246161.475483
1551246193.0921006
1551246195.8294902
1551246201.4897015
1551246208.6335273
1551246316.474073
1551246370.8676958
1551246385.7920644
1551246388.105137
1551246410.8826048
1551246445.9035501
1551246454.4704587
1551246457.6198347
1551246493.3276138
1551246575.907454
1551246593.0351644
1551246626.625211
1551246703.7294493
1551246715.7497728
1551246720.5550172
1551246785.6786685
1551246785.7316446
1551246825.0251784
1551246895.793552
1551246943.720489
1551246977.705847
1551246985.980144
1551247169.6734211
1551247233.461448
1551247270.774245
1551247282.588527
1551247300.0626993
1551247326.824685
1551247328.4320028
1551247364.8789556
1551247381.5733244
1551247382.7368455
1551247456.3759813
1551247583.0081165
1551247627.7858045
1551247636.4616215
1551247691.2377443
1551247741.6236632
1551247857.5888033
1551247861.5174124
1551247894.8595073
1551247900.368355
1551247995.9941592
1551248004.6942623
1551248057.645801
1551248097.6505835
1551248103.8023183
1551248137.6845427
1551248160.1731982
1551248194.4709432
1551248239.7638385
1551248260.894954
1551248301.9100986
1551248317.184936
1551248361.5929968
1551248412.2105734
1551248484.8444061
1551248494.6921198
1551248515.3527415
1551248520.1193764
1551248527.4320216
1551248544.3672934
1551248598.5098324
1551248633.1611962
1551248658.9876428
1551248728.4440496
1551248748.4437459
1551248801.4821
1551248823.4797812
1551248829.1796613
1551248906.3232088
1551248925.0007787
1551248980.9986036
1551248998.39459
1551249039.5977423
1551249072.7627988
1551249095.1701384
1551249166.2535374
1551249238.050285
1551249271.6405423
1551249300.845845
1551249359.6562018
1551249374.525661
1551249424.5997875
1551249520.3668065
1551249580.491163
1551249611.1980557
1551249613.4648082
1551249637.3183484
1551249638.4439664
1551249638.6534538
1551249666.883229
1551249706.7444263
1551249833.0371044
1551249867.0211961
1551249892.856049
1551249970.7970252
1551249996.0264552
1551250121.8409076
1551250192.2984989
1551250200.2847705
1551250311.8071918
1551250320.7169318
1551250325.0876834
1551250326.2074594
1551250331.516624
1551250354.3502758
1551250409.201124
1551250430.186723
1551250630.0649555
1551250684.6231806
1551250700.5328069
1551250710.2027462
1551250717.3658283
1551250789.3358333
1551250945.379426
1551250949.5581193
1551250956.3678775
1551250967.7227626
1551250990.864103
1551251025.2245326
1551251038.224979
1551251119.4923687
1551251162.8930137
1551251167.4369357
1551251172.6725302
1551251253.775911
1551251381.0051231
1551251404.7923088
1551251425.884981
1551251437.318409
1551251501.045558
1551251626.7056935
1551251704.3486965
1551251727.966485
1551251732.0457551
1551251746.5106924
1551251870.6872535
1551251886.0918298
1551251892.0466473
1551251914.056287
1551251931.469307
1551251934.4214811
1551251942.441055
1551251942.650328
1551251978.9567153
1551252013.3368828
1551252114.6027067
1551252235.9723954
1551252279.8076425
1551252286.2524571
1551252302.9613771
1551252341.0010827
1551252428.339703
1551252447.1542728
1551252530.4172027
1551252544.5298727
1551252545.5805378
1551252558.51849
1551252570.2784188
1551252604.7548845
1551252609.769951
1551252636.6944695
1551252643.4403737
1551252654.8470895
1551252663.4725735
1551252758.6133096
1551252769.3270257
1551252786.2401717
1551252792.6558068
1551252816.838861
1551252846.693503
1551252859.0149572
1551252893.891286
1551252908.3734171
1551252925.5552409
1551252959.562936
1551252966.648624
1551253020.5218744
1551253034.7928596
1551253039.6163611
1551253063.2637944
1551253083.948315
1551253086.893257
1551253113.0003805
1551253150.7925177
1551253184.4508603
1551253204.53001
1551253241.4842198
1551253246.4140995
1551253347.0439363
1551253363.4381335
1551253366.759261
1551253384.2258463
1551253402.7455838
1551253452.8198326
1551253495.5947177
1551253512.8460102
1551253599.414807
1551253664.4073915
1551253723.4754922
1551253726.7140775
1551253778.1403744
1551253899.1175942
1551253923.4553907
1551253928.4392674
1551253941.2216904
1551253960.3296227
1551253965.7210286
1551253972.9322488
1551254019.6507518
1551254030.7712183
1551254033.8489017
1551254035.579133
1551254044.0413706
1551254049.3232527
1551254059.345427
1551254059.4103754
1551254064.124754
1551254170.486799
1551254183.0059648
1551254277.5141878
1551254329.1000144
1551254351.675743
1551254426.9246838
1551254435.1183345
1551254523.8952267
1551254531.012201
1551254539.9624257
1551254597.2355964
1551254606.125701
1551254619.4625096
1551254727.8831573
1551254762.634826
1551254896.3342228
1551254896.4060292
1551254955.0606833
1551255053.9660742
1551255074.0729828
1551255119.1692069
1551255140.863311
1551255201.4022903
1551255220.0397093
1551255253.2518098
1551255319.2548254
1551255334.5090594
1551255367.4283307
1551255436.7789586
1551255460.5439975
1551255540.3624818
1551255545.9679725
1551255595.5376587
1551255615.718807
1551255722.9258575
1551255740.446728
1551255752.4868047
1551255755.6451724
1551255776.7620173
1551255808.4614594
1551255817.8271015
1551255819.5263307
1551255823.4239357
1551255838.2657895
1551255888.713969
1551255930.4353065
1551255931.0555947
1551255959.120197
1551255976.6978664
1551256078.1973631
1551256100.554175
1551256123.6970215
1551256147.4064677
1551256150.5415206
1551256160.9811904
1551256230.1855798
1551256234.411685
1551256298.7478836
1551256314.1212907
1551256389.0697799
1551256413.6348813
1551256419.9853683
1551256444.1124747
1551256459.9641278
1551256498.5370448
1551256522.7338908
1551256537.558278
1551256636.20312
1551256652.7374752
1551256665.633064
1551256684.1730845
1551256693.5564208
1551256693.603147
1551256704.6761978
1551256714.3560665
1551256726.523906
1551256756.2818732
1551256792.1162024
1551256861.2399614
1551256962.2017686
1551256969.0794795
1551256995.324374
1551257001.0383894
1551257033.106021
1551257046.0401566
1551257064.6159208
1551257138.0353386
1551257152.0888803
1551257160.740357
1551257175.6111033
1551257201.0592968
1551257217.500404
1551257258.2260177
1551257266.4437852
1551257406.7287977
1551257408.3752937
1551257456.6582108
1551257523.905437
1551257540.104768
1551257550.6144125
1551257589.9861982
1551257679.5620446
1551257688.2864575
1551257694.2529404
1551257739.8511055
1551257742.0200486
1551257751.164676
1551257774.0461743
1551257811.9174726
1551257841.0098708
1551257917.4534583
1551257934.6233282
1551258034.4298284
1551258071.8789272
1551258118.472644
1551258137.5140102
1551258208.9170964
1551258256.9232895
1551258311.6316855
1551258414.6115654
1551258454.8727908
1551258471.1634092
1551258473.2443755
1551258475.3625872
1551258485.8451877
1551258523.2047176
1551258533.2326813
1551258550.7651362
1551258555.3317513
1551258632.0154238
1551258744.4313023
1551258757.869548
1551258766.2793095
1551258774.0275016
1551258804.6894124
1551258807.086312
1551258842.286839
1551258854.3134546
1551258858.9460962
1551258938.6914144
1551258957.2229729
1551258967.2635434
1551258981.4085217
1551259038.187116
1551259046.7757487
1551259052.2141838
1551259112.951863
1551259228.9605832
1551259236.0404997
1551259274.1577852
1551259302.3363032
1551259310.3498397
1551259366.6873145
1551259374.3967764
1551259462.983662
1551259480.731876
1551259581.0182931
1551259596.138311
1551259597.199292
