1552393629.264074
1552393664.6827226
1552393682.1392126
1552393686.0394833
1552393690.1982877
1552393692.049917
1552393701.0317974
1552393747.1603265
1552393752.5333946
1552393757.445583
1552393774.4020827
1552393777.5875695
1552393794.9360685
1552393830.733836
1552393871.9038293
1552393899.7611656
1552393910.7406187
1552393913.656833
1552393930.9401798
1552393933.1555629
1552393939.2429342
1552393953.281569
1552393953.6535509
1552393972.3298802
1552393975.1669757
1552393979.8971083
1552394026.6787536
1552394046.7339501
1552394067.262054
1552394099.2102797
1552394103.4439235
1552394124.2957141
1552394143.2844906
1552394144.9567196
1552394145.3649912
1552394222.8167548
1552394251.2467318
1552394263.9301827
1552394264.298392
1552394275.4101057
1552394437.3977032
1552394483.470602
1552394495.6467042
1552394531.032338
1552394541.4163427
1552394557.8048048
1552394559.5571706
1552394601.3182964
1552394602.4305701
1552394678.0771306
1552394732.8322546
1552394742.6989675
1552394782.1536138
1552394793.36892
1552394837.076873
1552394903.356353
1552394964.832722
1552395054.2385232
1552395058.765848
1552395095.043938
1552395112.852516
1552395121.1184044
1552395150.492009
1552395187.3390615
1552395260.0945508
1552395274.341047
1552395308.3977942
1552395318.6052594
1552395405.5387764
1552395437.3763514
1552395442.8361351
1552395454.2516432
1552395465.507206
1552395488.4826736
1552395491.9042835
1552395548.5345244
1552395553.2406843
1552395579.5482895
1552395607.0175579
1552395618.8259578
1552395629.5452049
1552395642.878086
1552395668.7262828
1552395670.9086993
1552395728.1479235
1552395751.362806
1552395752.7516732
1552395753.1211734
1552395786.6011777
1552395814.2052085
1552395857.3741329
1552395860.4988852
1552395866.5540822
1552395903.701706
1552395970.191487
1552396021.8411705
1552396059.192784
1552396125.2008255
1552396142.2978382
1552396167.080988
1552396172.2635074
1552396177.8430722
1552396187.6437867
1552396199.7227848
1552396219.179387
1552396234.7304685
1552396242.3277695
1552396251.415726
1552396256.1480198
1552396262.189357
1552396295.890074
1552396309.9807675
1552396334.6706142
1552396349.198519
1552396355.9467702
1552396400.7170193
1552396401.2138057
1552396426.1193435
1552396448.7272022
1552396455.3579633
1552396476.4857986
1552396506.488139
1552396529.3496768
1552396535.3264396
1552396542.566935
1552396546.4700303
1552396581.6844888
1552396610.9098952
1552396615.4272912
1552396628.9675834
1552396629.5805256
1552396631.0650864
1552396674.5402107
1552396700.1630857
1552396712.5135086
1552396716.792859
1552396750.4821315
1552396766.0048401
1552396784.462447
1552396794.9272068
1552396815.4039526
1552396875.6876092
1552396891.2847204
1552396966.0273852
1552396974.6731544
1552396975.472423
1552397004.3721516
1552397067.4339359
1552397076.952542
1552397084.4290926
1552397140.3122478
1552397201.527749
1552397237.6657586
1552397238.04629
1552397266.4456575
1552397275.8583193
1552397286.0832016
1552397321.75752
1552397361.4996555
1552397366.0422573
1552397400.9941907
1552397402.871583
1552397422.2263947
1552397429.3988392
1552397436.2022698
1552397496.464739
1552397501.7220972
1552397502.229253
1552397508.1945453
1552397529.882901
1552397531.0563388
1552397552.4009416
1552397554.5683012
1552397563.8922985
1552397575.083413
1552397577.9876194
1552397637.7449272
1552397652.9280655
1552397656.3894794
1552397659.115551
1552397681.9141994
1552397683.5787916
1552397709.5431883
1552397722.7207325
1552397753.0728364
1552397760.8082936
1552397770.8632696
1552397773.5883555
1552397800.860599
1552397828.623463
1552397829.1418333
1552397829.5193892
1552397853.3470109
1552397853.9526107
1552397884.0843084
1552397884.5153139
1552397897.4536858
1552397903.5190158
1552397919.2592564
1552397926.0717926
1552397930.4301963
1552397956.2378745
1552397981.662728
1552398032.264256
1552398100.5465126
1552398104.1582952
1552398110.3480246
1552398115.6250343
1552398155.169127
1552398179.7057068
1552398205.0689054
1552398207.6972835
1552398255.5629284
1552398277.455961
1552398284.6897273
1552398327.9059124
1552398339.9014246
1552398364.2337375
1552398398.9154458
1552398440.4067526
1552398469.8205283
1552398496.928216
1552398514.4010718
1552398519.7160447
1552398530.3685713
1552398542.9702487
1552398553.1874802
1552398577.8580725
1552398597.2653842
1552398601.3782992
1552398605.9829519
1552398612.0977862
1552398612.5034208
1552398631.2503557
1552398632.7154994
1552398669.824708
1552398672.8186195
1552398720.6317787
1552398725.7820349
1552398740.9051347
1552398741.3368223
1552398755.9890635
1552398757.819878
1552398762.1457038
1552398815.3007174
1552398862.5662577
1552398869.080553
1552398917.066428
1552398947.0280526
1552398954.6693285
1552398956.5068996
1552398975.707335
1552399098.3625205
1552399144.367682
1552399184.5956755
1552399258.5389535
1552399284.9250715
1552399311.53654
1552399348.8808682
1552399352.7316055
1552399424.0391257
1552399501.365358
1552399509.4459207
1552399516.3404186
1552399570.708868
1552399571.1489303
1552399604.8725312
1552399642.309331
1552399655.493212
1552399663.0517058
1552399672.0987904
1552399687.3422635
1552399724.5720346
1552399841.0143614
1552399880.360198
1552399916.2784028
1552399926.4628906
1552399957.82002
1552399973.3905172
1552399992.2429917
1552399992.714821
1552399995.6787615
1552400040.1911314
1552400062.3793397
1552400070.9222918
1552400077.9309747
1552400101.854055
1552400126.6747742
1552400148.6805263
1552400158.899125
1552400195.0526135
1552400205.2760112
1552400221.8911889
1552400279.5753725
1552400302.6696074
1552400345.8253007
1552400371.390801
1552400378.9853141
1552400382.1272435
1552400398.4069552
1552400405.5815606
1552400436.7389684
1552400437.3609564
1552400455.849944
1552400552.4116092
1552400652.612661
1552400666.2126834
1552400687.3203712
1552400730.4328277
1552400743.05075
1552400770.47566
1552400810.0703804
1552400860.7719305
1552400888.486042
1552400913.6575236
1552400926.1631565
1552400940.8660343
1552400963.4437802
1552400978.8658972
1552400989.0507996
1552401024.3723502
1552401038.246746
1552401052.4316676
1552401066.3814156
1552401069.2596593
1552401134.9168954
1552401148.6196072
1552401169.9166727
1552401176.8615336
1552401236.5754032
1552401291.8653018
1552401313.7340653
1552401339.9120808
1552401456.8203564
1552401463.2750342
1552401482.7521758
1552401494.3613749
1552401499.750322
1552401521.3741388
1552401578.231537
1552401602.3371964
1552401634.8159778
1552401666.762806
1552401671.5957124
1552401685.1373615
1552401703.4762704
1552401717.9012299
1552401732.685787
1552401854.49264
1552401854.9648209
1552401882.5535188
1552401969.6049976
1552401976.040104
1552401986.222036
1552401990.3540149
1552401990.9650552
1552402016.3959813
1552402070.3683043
1552402110.6966312
1552402115.2812514
1552402133.121311
1552402161.6653652
1552402199.8127968
1552402251.7928622
1552402260.011062
1552402330.597984
1552402335.4569387
1552402352.413612
1552402364.6182604
1552402460.4571605
1552402499.1440368
1552402526.3161776
1552402543.3063557
1552402558.7693653
1552402608.112833
1552402624.4016478
1552402645.0172722
1552402657.6771922
1552402702.2785683
1552402719.7345638
1552402732.3896983
1552402742.6366096
1552402773.423215
1552402802.771159
1552402815.7795084
1552402835.9801733
1552402855.0442004
1552402858.3907104
1552402861.2808552
1552402882.7614706
1552402930.1919732
1552402936.847671
1552402937.2556498
1552402951.0669463
1552402953.9819007
1552402970.4172282
1552402981.3754125
1552402987.367799
1552402996.8940408
1552403053.57986
1552403095.9051957
1552403109.6282413
1552403155.4243782
1552403200.0414872
1552403220.074443
1552403228.3699582
1552403229.5769887
1552403282.3576257
1552403286.9962754
1552403296.0589166
1552403361.558705
1552403384.3728585
1552403384.8049278
1552403386.7053277
1552403387.0825713
1552403412.8322744
1552403425.1196165
1552403444.5872626
1552403452.9291058
1552403467.3205647
1552403471.6102855
1552403475.0276718
1552403485.6238983
1552403497.347652
1552403523.4826663
1552403525.8761158
1552403573.6599228
1552403601.023707
1552403612.7322052
1552403615.1671693
1552403634.3597293
1552403651.3606982
1552403655.972094
1552403662.219976
1552403702.90102
1552403704.2114336
1552403731.3252275
1552403751.4681518
1552403784.3211312
1552403822.3937101
1552403840.1826189
1552403869.8059149
1552403872.1320937
1552403896.4215755
1552403915.2677343
1552403969.2880623
1552404001.690407
1552404012.4653203
1552404031.2966516
1552404056.5357883
1552404070.8919525
1552404077.079618
1552404094.6660304
1552404109.5930107
1552404126.1310601
1552404208.574164
1552404213.123166
1552404240.276044
1552404257.5652373
1552404303.0563343
1552404323.4312081
1552404343.3878162
1552404386.1310415
1552404443.7355967
1552404444.828844
1552404480.7451966
1552404499.71295
1552404515.1894605
1552404516.6901038
1552404609.5101368
1552404614.2692747
1552404635.7296567
1552404650.17068
1552404653.060182
1552404673.7194433
1552404690.5834064
1552404695.204976
1552404765.619865
1552404782.4222155
1552404782.8887868
1552404813.4332333
1552404853.6167355
1552404893.2277334
1552404914.1035404
1552404939.798138
1552404966.0148697
1552404978.7095182
1552404981.541403
1552404991.7481387
1552405007.4793448
1552405052.0225506
1552405068.9292395
1552405103.733009
1552405110.3421915
1552405118.278809
1552405224.0375335
1552405244.8790355
1552405263.6653535
1552405306.8117805
1552405313.6270325
1552405335.121393
1552405342.5574315
1552405356.225648
1552405360.387098
1552405589.272252
1552405599.6037052
1552405617.4118035
1552405640.4334493
1552405650.6439903
1552405671.0792966
1552405732.0825627
1552405745.2923021
1552405776.0720491
1552405781.5989828
1552405849.9937873
1552405877.636449
1552405889.303546
1552405898.182512
1552405947.567956
1552405959.3722384
1552405960.571836
1552405981.2855086
1552405991.1789849
1552406055.955008
1552406057.4616506
1552406115.096656
1552406116.9734175
1552406152.9346771
1552406195.9802406
1552406273.9291756
1552406302.432753
1552406390.069114
1552406393.6737785
1552406403.8809946
1552406426.0981703
1552406461.9307308
1552406496.1897762
1552406531.8404331
1552406532.4044764
1552406540.9453146
1552406574.4756591
1552406597.8356268
1552406613.21101
1552406626.9220982
1552406684.5682087
1552406720.050176
1552406720.4062212
1552406749.37399
1552406775.01887
1552406829.0823722
1552406851.4662635
1552406948.7940323
1552406960.930024
1552407108.5699549
1552407117.985106
1552407172.7817159
1552407202.8750486
1552407258.8479154
1552407259.3074605
1552407262.9652047
1552407290.2087657
1552407300.4351559
1552407336.132429
1552407414.809872
1552407433.2081513
1552407477.764872
1552407479.4645321
1552407606.836856
1552407614.143428
1552407641.1348903
1552407651.3317657
1552407652.5193634
1552407703.908738
1552407780.9450166
1552407803.890817
1552407811.315226
1552407813.110339
1552407835.4805954
1552407857.195201
1552407872.0021567
1552407895.677711
1552407976.3461554
1552407977.743174
1552407997.8632553
1552408033.7998486
1552408038.3645542
1552408041.2221909
1552408064.6239269
1552408079.5701733
1552408102.9256036
1552408130.0515175
1552408136.3474677
1552408142.168318
1552408197.929265
1552408212.846444
1552408224.639576
1552408235.6729033
1552408272.3391616
1552408356.9810786
1552408367.8946223
1552408382.8955297
1552408384.7489622
1552408407.849195
1552408478.3488808
1552408506.7528477
1552408521.7983112
1552408555.638935
1552408562.5416775
1552408582.8049724
1552408586.7791808
1552408621.996271
1552408661.3271778
1552408691.9740634
1552408754.513276
1552408793.059874
1552408815.4485757
1552408858.5047941
1552408880.0815744
1552408893.1558473
1552408910.487295
1552408920.031072
1552408932.499856
1552408940.3577929
1552408967.3389606
1552408972.4687622
1552409031.2051346
1552409069.5164187
1552409170.5993583
1552409173.6819217
1552409221.0038784
1552409254.839841
1552409273.142011
1552409306.2850485
1552409330.8869855
1552409381.0840957
1552409392.292436
1552409434.9344165
1552409438.3180895
1552409490.434218
1552409512.6355605
1552409535.9783628
1552409576.0469437
1552409597.1069112
1552409640.778148
1552409645.9310005
1552409652.8418353
1552409660.4409802
1552409661.9120698
1552409700.3496094
1552409755.9222949
1552409763.0851724
1552409779.3840175
1552409798.3873842
1552409813.1071732
1552409817.5538511
1552409840.2685316
1552409854.7964664
1552409926.929272
1552409949.2414122
1552410011.5232444
1552410020.942811
1552410043.6894567
1552410052.3901193
1552410072.9992213
1552410073.4766955
1552410083.3717575
1552410174.882594
1552410262.0034077
1552410286.9709141
1552410294.522995
1552410342.7761416
1552410351.293214
1552410359.4394064
1552410458.063052
1552410477.553276
1552410510.8658977
1552410538.3090682
1552410551.1231003
1552410589.2459655
1552410594.3798616
1552410610.2801678
1552410637.7609868
1552410641.6279402
1552410642.0227091
1552410645.6122086
1552410654.2226815
1552410734.5321612
1552410749.94228
1552410784.6945684
1552410811.6477866
1552410820.6813807
1552410833.199409
1552410834.8613815
1552410842.4913702
1552410867.7275314
1552410887.2641537
1552410887.6940327
1552410904.246951
1552410913.1610472
1552410923.43406
1552410935.2110252
1552410944.4271536
1552410954.6753914
1552410966.276386
1552410986.341131
1552411005.878296
1552411029.9799604
1552411038.1647165
1552411054.9688041
1552411069.1131668
1552411078.2441435
1552411104.9262013
1552411112.8088834
1552411163.553674
1552411167.0052855
1552411202.2173374
1552411237.7404566
1552411285.7295198
1552411296.969644
1552411328.4744399
1552411344.057651
1552411361.3629508
1552411412.0560808
1552411423.5500126
1552411437.6119351
1552411449.4302852
1552411496.2535422
1552411496.6868382
1552411519.5310426
1552411519.9193285
1552411539.8704932
1552411547.173205
1552411552.382703
1552411582.178535
1552411620.6128988
1552411623.9843767
1552411627.8921933
1552411707.564398
1552411727.6474957
1552411737.8723342
1552411840.34238
1552411893.3912623
1552411896.2740936
1552411905.9710677
1552411927.1593812
1552411968.5707667
1552412006.349733
1552412026.0234294
1552412041.101066
1552412049.2242553
1552412074.5829775
1552412094.6803362
1552412103.683177
1552412112.7833195
1552412124.292992
1552412134.532361
1552412224.671319
1552412273.164297
1552412289.8760817
1552412334.2624912
1552412421.8532903
1552412424.7737646
1552412426.990481
1552412437.1651807
1552412516.582947
1552412516.968856
1552412539.9610384
1552412563.4202373
1552412579.7227108
1552412638.8533165
1552412668.103287
1552412690.3744054
1552412692.855933
1552412711.7922823
1552412712.253071
1552412712.676437
1552412716.8124313
1552412747.6712558
1552412787.3430045
1552412787.7709415
1552412816.321776
1552412833.133833
1552412858.546939
1552412865.3508222
1552412888.435117
1552412919.1020303
1552412952.453428
1552412963.9119
1552412978.7830424
1552412989.763407
1552412991.5830548
1552413009.4071646
1552413009.822142
1552413058.8295434
1552413093.8538418
1552413133.8164597
1552413144.049124
1552413165.9536245
1552413248.0722144
1552413300.6572535
1552413309.8728487
1552413333.4105725
1552413343.1677294
1552413353.3800576
1552413390.891555
1552413395.7164242
1552413440.599687
1552413496.9265459
1552413498.4313962
1552413504.9839394
1552413505.325322
1552413536.49343
1552413555.0710106
1552413561.9946096
1552413592.048654
1552413638.6551316
1552413644.8480453
1552413678.029829
1552413709.085877
1552413710.5669446
1552413734.60429
1552413757.850235
1552413836.4815416
1552413884.1999495
1552413916.002212
1552413942.0420756
1552413947.6836965
1552413987.7398696
1552413988.300055
1552413993.8644793
1552413997.4670599
1552414010.117915
1552414031.7475207
1552414071.8482006
1552414090.8004737
1552414098.454132
1552414112.516311
1552414127.3986037
1552414136.5104008
1552414160.1389558
1552414164.0066936
1552414200.3599792
1552414231.1560142
1552414245.8091533
1552414247.266856
1552414251.4803975
1552414301.9648342
1552414304.7849095
1552414318.7620542
1552414335.8333335
1552414355.9257548
1552414368.6041925
1552414380.2678394
1552414403.5428064
1552414422.8988185
1552414448.1551797
1552414465.663088
1552414491.4681938
1552414527.9900486
1552414531.951638
1552414592.6192029
1552414597.8989635
1552414626.9114685
1552414633.3412352
1552414643.5717225
1552414643.9969065
1552414689.2274723
1552414697.629464
1552414700.0286942
1552414701.4935224
1552414707.4600031
1552414734.4888062
1552414734.8737514
1552414739.8629565
1552414766.135527
1552414785.4524202
1552414785.874823
1552414811.9617083
1552414822.1366549
1552414861.6837506
1552414933.4502256
1552414985.548799
1552414998.9195313
1552415007.3668907
1552415033.6441324
1552415046.1142364
1552415076.4472644
1552415087.6650848
1552415130.565233
1552415139.516637
1552415168.3849173
1552415187.8916378
1552415210.5543852
1552415212.0152915
1552415219.7650135
1552415223.2952325
1552415231.8010244
1552415237.4073308
1552415254.4746032
1552415262.220461
1552415277.8698916
1552415282.146206
1552415283.4950938
1552415297.4493196
1552415309.707405
1552415311.5264277
1552415316.7135057
1552415360.8036563
1552415362.0338435
1552415400.27124
1552415401.353954
1552415401.817078
1552415420.1299014
1552415451.6882656
1552415458.5560322
1552415466.0165534
1552415500.0089571
1552415544.7956266
1552415559.0726964
1552415560.5035956
1552415570.6675375
1552415585.804774
1552415610.4309835
1552415640.381431
1552415662.0645423
1552415700.8508637
1552415757.797942
1552415779.8306477
1552415808.6020029
1552415818.5110655
1552415861.1995795
1552415872.731666
1552415906.687851
1552415936.0418293
1552415953.8886416
1552415990.7599351
1552416003.0941584
1552416004.3630617
1552416018.4817805
1552416039.909978
1552416051.5194395
1552416095.6875648
1552416124.594916
1552416150.09206
1552416163.7849236
1552416164.1887014
1552416188.6751292
1552416251.0243714
1552416296.135812
1552416330.6143637
1552416365.9638243
1552416371.3784602
1552416372.5173347
1552416418.3460946
1552416435.7816298
1552416469.0867648
1552416483.8535056
1552416513.9237425
1552416574.7913322
1552416576.924765
1552416597.9778113
1552416613.010549
1552416622.622917
1552416630.1206386
1552416683.903266
1552416694.1103609
1552416706.2415755
1552416721.2820363
1552416742.312042
1552416767.2913566
1552416840.5456746
1552416847.3397095
1552416879.0718927
1552416925.2952774
1552416927.5180314
1552417010.5673163
1552417054.0307498
1552417079.3722155
1552417105.230741
1552417114.0798228
1552417129.1462092
1552417142.3707302
1552417171.120983
1552417203.827471
1552417214.0280366
1552417214.5411031
1552417219.0703454
1552417264.1382217
1552417273.3156078
1552417283.5055263
1552417297.1955817
1552417339.8188665
1552417340.4760196
1552417366.3489199
1552417373.933938
1552417398.5626311
1552417415.071732
1552417418.6512105
1552417437.1560817
1552417448.8607278
1552417449.337455
1552417479.6249204
1552417482.5085354
1552417487.5188088
1552417504.204348
1552417520.8443966
1552417596.6989064
1552417629.4419482
1552417630.8202467
1552417646.1610866
1552417676.4583673
1552417702.1384182
1552417721.9597063
1552417779.701779
1552417781.6335382
1552417814.9096537
1552417815.3301084
1552417818.4833593
1552417826.8570054
1552417838.0461287
1552417851.336063
1552417926.3536367
1552417940.2847729
1552417954.097049
1552417964.3272214
1552417975.4466276
1552418033.2533746
1552418054.6808815
1552418065.7660608
1552418094.749752
1552418108.809965
1552418120.0469162
1552418132.621083
1552418136.8883991
1552418141.9925346
1552418162.6840856
1552418248.9448898
1552418259.159673
1552418275.249176
1552418275.657137
1552418302.8916469
1552418323.3581529
1552418327.890685
1552418344.490041
1552418362.8655052
1552418366.4510384
1552418405.1165042
1552418480.6494043
1552418517.0533059
1552418532.3193958
1552418570.5038826
1552418640.9401362
1552418736.9997072
1552418740.8512375
1552418768.3274133
1552418774.5241656
1552418785.3790438
1552418788.122255
1552418827.6566546
1552418833.5009336
1552418854.9447224
1552418865.1590807
1552418866.5358477
1552418884.923656
1552418922.5215154
1552418938.1269655
1552419058.3131566
1552419060.1749048
1552419068.4129536
1552419076.3377182
1552419078.0963638
1552419189.816335
1552419196.251333
1552419209.911167
1552419229.9442022
1552419239.5234132
1552419249.6197722
1552419283.644517
1552419294.496057
1552419313.8499463
1552419336.4706519
1552419348.7299895
1552419367.6090603
1552419418.6268804
1552419428.8297648
1552419452.3184538
1552419472.357174
1552419476.5869098
1552419489.7720985
1552419501.9679158
1552419504.6594737
1552419550.0381498
1552419560.630891
1552419567.9274209
1552419609.0550776
1552419624.1321054
1552419710.9171927
1552419769.1152346
1552419774.355898
1552419780.7760005
1552419818.683984
1552419833.6632223
1552419848.9668014
1552419883.0187135
1552419885.0725605
1552419942.0175407
1552419969.3682222
1552419978.586645
1552420004.9045897
1552420024.0406342
1552420030.996376
1552420043.9579349
1552420051.5849266
1552420110.3300347
1552420117.0119638
1552420121.7502017
1552420134.7812617
1552420138.3103585
1552420149.5432591
1552420180.4909453
1552420188.231138
1552420201.5851972
1552420210.5022507
1552420210.9411135
1552420221.246542
1552420235.185333
1552420236.5455089
1552420240.423907
1552420255.0676038
1552420268.9014041
1552420272.250872
1552420282.655876
1552420284.6712942
1552420296.48978
1552420329.0254378
1552420347.3385499
1552420347.7881618
1552420358.2680135
1552420368.7089484
1552420387.0737
1552420389.9043295
1552420390.3233173
1552420393.1577897
1552420393.573879
1552420406.144844
1552420406.562818
1552420414.8735828
1552420415.3375282
1552420426.2595816
1552420455.3456473
1552420466.517634
1552420500.8763418
1552420551.2222338
1552420565.2150652
1552420595.4646544
1552420598.9262874
1552420615.2448914
1552420633.280986
1552420679.2700367
1552420679.7236547
1552420687.2864857
1552420687.6944427
1552420711.3174303
1552420724.6543944
1552420734.87157
1552420748.6725867
1552420758.0674217
1552420820.9379218
1552420825.1155174
1552420834.6317146
1552420895.2122805
1552420926.3221385
1552420931.0307534
1552420943.0906343
1552420957.1224346
1552420962.3637123
1552420967.266481
1552421003.7260375
1552421014.0103877
1552421022.4009054
1552421028.7377894
1552421030.7367508
1552421041.9946792
1552421052.0265062
1552421089.253437
1552421171.4395704
1552421173.8880591
1552421234.4227695
1552421261.7973223
1552421290.3001082
1552421304.357613
1552421311.6799486
1552421337.1310148
1552421340.8381128
1552421372.020032
1552421378.8403068
1552421389.350158
1552421393.6574225
1552421428.9226367
1552421457.5727434
1552421541.9333928
1552421573.1071625
1552421596.3328593
1552421599.8221402
1552421610.0268376
1552421621.3934796
1552421641.3434937
1552421647.6356118
1552421666.6827722
1552421712.5316758
1552421716.1657765
1552421733.3771539
1552421752.6098595
1552421762.8094409
1552421785.2459447
1552421810.0718195
1552421847.0590353
1552421923.2827582
1552421944.018454
1552421971.9989
1552421976.9441147
1552421997.4476368
1552422036.2794468
1552422044.4180884
1552422045.0347576
1552422116.5905864
1552422142.8938205
1552422161.1412277
1552422197.1618176
1552422207.3572233
1552422225.8410568
1552422233.1939528
1552422243.151842
1552422246.682467
1552422291.643223
1552422319.0244012
1552422327.2565079
1552422335.869116
1552422336.290537
1552422343.6312633
1552422356.46714
1552422358.2978399
1552422400.0519836
1552422416.8005214
1552422472.1530752
1552422485.0806599
1552422503.4486933
1552422504.8885179
1552422527.7022204
1552422529.1896114
1552422546.327831
1552422562.5423028
1552422567.864501
1552422589.5957217
1552422605.9774163
1552422607.148367
1552422634.117113
1552422653.472375
1552422671.1339605
1552422696.9351304
1552422730.5839682
1552422740.8173754
1552422742.2257783
1552422831.0528815
1552422859.8901298
1552422890.1717885
1552422894.7667272
1552422897.7061565
1552422919.5179398
1552422957.9492352
1552423015.0719748
1552423039.3633633
1552423039.7541409
1552423070.6401954
1552423114.105386
1552423126.7843738
1552423128.1813889
1552423128.6139164
1552423137.1816514
1552423141.8496428
1552423148.6436558
1552423177.4595728
1552423185.9398103
1552423213.867672
1552423239.208191
1552423243.4686677
1552423310.505872
1552423319.476195
1552423386.2910407
1552423399.084824
1552423453.1276956
1552423464.5969355
1552423487.1711278
1552423516.6458912
1552423538.7372282
1552423565.484753
1552423567.3608046
1552423583.987287
1552423598.0610523
1552423662.581763
1552423721.253928
1552423802.6803026
1552423818.0523884
1552423841.2048872
1552423851.4000943
1552423875.905303
1552423887.1105595
1552423887.5689492
1552423889.4728863
1552423903.5135405
1552423958.4896388
1552423965.038199
1552423975.234923
1552424043.6379244
1552424053.8680727
1552424062.9157894
1552424063.3522491
1552424066.2019699
1552424072.6397207
1552424084.490449
1552424101.9339263
1552424118.3005157
1552424137.0445232
1552424148.3238075
1552424151.8157966
1552424169.9071689
1552424175.8734674
1552424207.3424017
1552424247.0789976
1552424257.3219247
1552424296.0905645
1552424301.387405
1552424330.8450644
1552424331.2532885
1552424352.388751
1552424369.417733
1552424406.7314973
1552424434.1959834
1552424519.6534615
1552424544.4814098
1552424552.6641147
1552424580.426903
1552424600.0250924
1552424615.1344128
1552424671.8085122
1552424672.4128876
1552424688.1113217
1552424698.3592238
1552424734.5966492
1552424761.787665
1552424776.2346854
1552424787.6147628
1552424799.5109177
1552424842.061997
1552424853.2443247
1552424869.7879524
1552424898.9520981
1552424929.365464
1552424933.618054
1552424946.2063932
1552424954.9032383
1552424976.950193
1552424982.2241077
1552424996.72324
1552425018.1707966
1552425032.7070081
1552425055.2635136
1552425092.1914372
1552425120.596763
1552425135.3190613
1552425146.5315657
1552425174.6802747
1552425184.867347
1552425198.1540542
1552425263.5929394
1552425278.4060378
1552425351.5530257
1552425425.5884743
1552425448.1076272
1552425505.6621
1552425527.8639088
1552425528.227616
1552425605.1558776
1552425623.6330357
1552425630.8166108
1552425632.711936
1552425652.2556999
1552425655.9755597
1552425682.658941
1552425706.05965
1552425716.2951038
1552425725.779242
1552425789.502764
1552425818.0530963
1552425834.3427622
1552425840.6296477
1552425841.1133049
1552425853.5572944
1552425864.188096
1552425877.2110102
1552425910.6827822
1552425937.788874
1552425991.0294385
1552426006.4623554
1552426036.5187125
1552426080.565398
1552426142.1416218
1552426143.580343
1552426161.3549886
1552426191.848741
1552426209.9862452
1552426238.7611015
1552426358.5011458
1552426408.8037345
1552426424.5022953
1552426435.6603231
1552426436.3145962
1552426460.8584409
1552426462.0100815
1552426486.9868817
1552426495.246928
1552426498.1374135
1552426558.3863823
1552426559.8540103
1552426600.018499
1552426613.876224
1552426628.213731
1552426634.098622
1552426672.4694223
1552426672.8334992
1552426684.7133663
1552426700.665436
1552426710.8808491
1552426750.0317678
1552426764.834231
1552426833.4190397
1552426847.9404242
1552426858.3891678
1552426881.1119967
1552426900.370366
1552426936.7649012
1552426950.169798
1552426972.5630178
1552426991.349523
1552426996.8122492
1552427062.4528656
1552427076.2662435
1552427095.1842773
1552427140.5696044
