1550415412.1629584
1550415421.2105918
1550415429.603484
1550415464.2528582
1550415468.015678
1550415485.7379224
1550415501.3911612
1550415525.5933216
1550415546.551984
1550415597.7794259
1550415648.8575585
1550415658.7258193
1550415712.1645267
1550415720.8688152
1550415758.0802643
1550415769.510408
1550415776.0713236
1550415785.4132433
1550415827.8821812
1550415844.7229407
1550415877.0744624
1550415900.6897175
1550415917.0507033
1550415931.8462977
1550415938.3234878
1550415957.3176847
1550416009.5190237
1550416029.6889944
1550416038.2450614
1550416059.0290442
1550416064.4211931
1550416119.5548208
1550416151.153219
1550416182.6844537
1550416205.1201885
1550416260.4720209
1550416274.3914087
1550416290.832233
1550416318.6795714
1550416334.2595797
1550416353.1141393
1550416359.5004823
1550416391.356582
1550416430.2648087
1550416455.298052
1550416506.0393167
1550416525.0026636
1550416539.6179898
1550416548.9276178
1550416570.2988906
1550416584.4136584
1550416600.8873975
1550416627.2034326
1550416647.6902978
1550416682.0783346
1550416706.2606506
1550416766.2679994
1550416782.4652705
1550416791.1762202
1550416798.4759214
1550416810.3681946
1550416823.5826776
1550416852.3172088
1550416871.9575124
1550416885.0532653
1550416913.3608675
1550416923.6131022
1550416943.2751505
1550416973.9463089
1550417031.3311439
1550417059.3060777
1550417063.4642668
1550417112.5949888
1550417150.6713388
1550417167.1486425
1550417206.343095
1550417237.6679337
1550417274.5630028
1550417287.2457223
1550417307.503157
1550417313.040758
1550417340.816471
1550417368.282158
1550417390.118952
1550417403.083165
1550417425.507284
1550417470.3583953
1550417485.1821299
1550417510.096222
1550417519.8773687
1550417555.0574622
1550417602.3648372
1550417615.0583131
1550417619.5056612
1550417708.3098485
1550417721.9945276
1550417750.98906
1550417807.7384493
1550417827.0112445
1550417833.020128
1550417847.3493025
1550417859.7582865
1550417871.4753304
1550417905.2515588
1550417921.3222594
1550417931.6750116
1550417933.7138457
1550417953.2286692
1550417968.330342
1550418005.1937919
1550418033.104169
1550418052.0547166
1550418086.7873003
1550418114.3512974
1550418126.61576
1550418129.6861212
1550418177.1092458
1550418192.0622568
1550418197.4168828
1550418232.4746926
1550418237.8224528
1550418291.3610017
1550418301.1518817
1550418314.9420848
1550418338.96694
1550418346.2863328
1550418363.2486029
1550418384.2631862
1550418400.2966547
1550418403.3434803
1550418406.428152
1550418418.8495607
1550418430.3297822
1550418437.0791476
1550418444.3452268
1550418461.6642253
1550418481.8512268
1550418526.7846322
1550418560.3381333
1550418582.7290087
1550418594.1321523
1550418617.532643
1550418630.2975504
1550418653.306709
1550418680.3134222
1550418695.3090189
1550418716.1808915
1550418721.3993094
1550418738.114994
1550418748.3397937
1550418788.21767
1550418802.906954
1550418817.5151584
1550418852.5548384
1550418869.8337996
1550418875.0186553
1550418892.0008178
1550418908.1090775
1550418925.120744
1550418937.945335
1550418961.9279063
1550418972.404168
1550418988.8813171
1550418995.0848434
1550419034.4632685
1550419050.5296743
1550419088.0893018
1550419093.6314917
1550419099.9354284
1550419113.445781
1550419129.5592942
1550419153.3832948
1550419166.883467
1550419187.4429748
1550419206.6645174
1550419231.5193138
1550419243.1529
1550419269.8361056
1550419283.1147027
1550419314.8778055
1550419329.056685
1550419359.5751553
1550419365.158335
1550419373.5397081
1550419375.7649643
1550419378.7498558
1550419403.806429
1550419407.9520762
1550419414.494936
1550419441.9759417
1550419467.0588815
1550419491.2717915
1550419498.341891
1550419516.503765
1550419529.3359177
1550419544.9521387
1550419564.1856534
1550419601.2925127
1550419634.7126825
1550419657.7781918
1550419672.7548022
1550419697.4501843
1550419777.0709429
1550419808.879148
1550419818.0531077
1550419854.1368997
1550419936.7313209
1550419965.4973283
1550419993.6396291
1550420009.0226479
1550420032.808391
1550420059.9908655
1550420111.3418076
1550420115.690414
1550420125.1668684
1550420143.9020972
1550420176.2824469
1550420213.2925508
1550420248.0037475
1550420275.5036678
1550420281.0489116
1550420324.1854873
1550420355.8708277
1550420386.7699094
1550420412.9499671
1550420429.9015155
1550420440.8133135
1550420456.2430062
1550420464.0161338
1550420479.526111
1550420496.4903476
1550420512.5595794
1550420529.9936903
1550420549.3852806
1550420580.9254098
1550420609.632473
1550420625.395651
1550420650.5055494
1550420662.0870547
1550420664.133805
1550420691.2673287
1550420743.6717253
1550420756.462573
1550420774.4169474
1550420833.1459603
1550420861.0142586
1550420867.495359
1550420890.7550664
1550420913.8567216
1550420927.2852569
1550420948.8123288
1550420987.036582
1550421001.3873558
1550421047.6271834
1550421051.9518967
1550421125.8495336
1550421163.1349134
1550421173.4427707
1550421210.818219
1550421219.1996248
1550421238.1213918
1550421256.050434
1550421265.8512688
1550421292.3931022
1550421314.2023318
1550421326.3731287
1550421331.5582864
1550421346.15075
1550421358.6086352
1550421395.0101712
1550421401.5032396
1550421409.8851006
1550421422.206609
1550421446.7437577
1550421458.579613
1550421470.7394698
1550421476.1103458
1550421520.8458514
1550421560.710635
1550421586.6588457
1550421612.5845456
1550421626.7385583
1550421628.9933875
1550421631.0819564
1550421660.5807228
1550421670.0375416
1550421682.4831665
1550421704.801322
1550421711.575767
1550421725.0076892
1550421735.8150656
1550421763.1469343
1550421799.7448533
1550421824.1514282
1550421837.0595145
1550421859.3031597
1550421885.9082904
1550421893.3185515
1550421901.2533624
1550421923.2735498
1550421928.576215
1550421962.996122
1550421988.9914558
1550422025.1478899
1550422039.202727
1550422089.391335
1550422093.237142
1550422105.1465116
1550422119.889744
1550422126.3074586
1550422183.5045743
1550422197.9453537
1550422208.6116378
1550422295.0528293
1550422300.4168248
1550422312.6492805
1550422356.8177276
1550422372.4876893
1550422418.4680467
1550422425.9041157
1550422445.6117537
1550422460.1308157
1550422462.1892986
1550422488.3370807
1550422495.993156
1550422528.7940419
1550422585.4784558
1550422624.1084628
1550422627.9257832
1550422645.7191794
1550422673.7402802
1550422681.4938827
1550422698.1126673
1550422771.2724416
1550422801.0034049
1550422827.3182476
1550422841.3679008
1550422854.0673637
1550422883.742835
1550422919.7579935
1550422961.130223
1550422974.191782
1550422989.908812
1550423006.9151719
1550423030.9698427
1550423069.814976
1550423107.3347237
1550423109.3164713
1550423120.982208
1550423143.6799562
1550423181.5781758
1550423217.3158422
1550423233.830974
1550423236.9024568
1550423247.4477017
1550423251.9435549
1550423266.3174226
1550423281.7372503
1550423300.2053914
1550423309.453586
1550423315.7015767
1550423336.2885728
1550423375.2378473
1550423386.8654203
1550423441.3645077
1550423455.3278859
1550423481.935976
1550423490.7849839
1550423513.4580042
1550423552.7194662
1550423569.8181252
1550423587.1202931
1550423629.4190874
1550423641.9607146
1550423647.3496897
1550423671.7371309
1550423683.0707116
1550423712.1261458
1550423723.4792833
1550423729.2148125
1550423732.433619
1550423743.045042
1550423752.3142354
1550423765.084428
1550423817.6587806
1550423854.1825142
1550423865.4254615
1550423917.8053672
1550423966.0554805
1550423992.3112454
1550424006.6185207
1550424011.1833923
1550424068.633803
1550424097.3451514
1550424107.762001
1550424131.1997323
1550424141.5682642
1550424157.9391205
1550424167.4478822
1550424194.892868
1550424206.8568552
1550424212.3152556
1550424214.2800105
1550424216.5671873
1550424236.0790644
1550424252.4802184
1550424302.5693252
1550424332.469919
1550424342.7185385
1550424389.4596574
1550424419.1919646
1550424435.0215096
1550424474.730814
1550424489.852713
1550424518.3239112
1550424530.3882055
1550424554.4962573
1550424571.3145044
1550424584.5572157
1550424597.2713397
1550424618.641522
1550424641.3066409
1550424650.277016
1550424670.0708947
1550424693.2046916
1550424715.4311423
1550424760.9595532
1550424795.99879
1550424809.8710608
1550424820.7803593
1550424830.26187
1550424858.6711857
1550424868.7677016
1550424893.5857196
1550424916.2373753
1550424932.0946617
1550424946.3910851
1550424976.446018
1550424990.1592283
1550424997.9699712
1550425009.4519894
1550425063.128273
1550425089.2280116
1550425092.4869812
1550425094.5490732
1550425103.5422597
1550425179.3556828
1550425190.1060586
1550425201.2462218
1550425210.6556773
1550425228.1160605
1550425248.4773335
1550425264.8418658
1550425293.8813863
1550425384.9257143
1550425409.312972
1550425447.1863086
1550425452.126985
1550425459.339865
1550425464.6602223
1550425466.7766511
1550425511.4550683
1550425531.635831
1550425571.7344325
1550425589.5529025
1550425615.694619
1550425630.3532183
1550425653.526397
1550425705.0550232
1550425714.7281156
1550425744.928039
1550425791.5198565
1550425807.6200974
1550425839.4779112
1550425858.6301668
1550425865.8106956
1550425890.9926748
1550425921.2967918
1550425923.2552812
1550425979.851111
1550425987.850861
1550425995.145602
1550426010.3091066
1550426019.7760696
1550426047.649218
1550426068.14695
1550426085.0759919
1550426118.432415
1550426129.26843
1550426147.8833544
1550426170.2047
1550426203.6331823
1550426231.4529681
1550426254.877877
1550426274.9495544
1550426294.756895
1550426308.424547
1550426315.5261998
1550426376.24394
1550426397.4340696
1550426410.682112
1550426446.0944815
1550426484.1781983
1550426494.228885
1550426551.3728907
1550426563.4161763
1550426581.719864
1550426593.6670625
1550426601.9417064
1550426618.918888
1550426632.6434865
1550426675.4921052
1550426703.18059
1550426738.325302
1550426772.879434
1550426780.2312317
1550426784.4458318
1550426811.7292514
1550426833.5348792
1550426839.1391866
1550426848.3429713
1550426853.8779795
1550426856.9328923
1550426873.9407625
1550426889.3045104
1550426898.7724617
1550426956.6624377
1550426989.6425333
1550427047.2332768
1550427056.2024677
1550427090.3486867
1550427098.4889946
1550427113.4073055
1550427115.5496995
1550427126.9746695
1550427147.018046
1550427188.087504
1550427195.6015022
1550427215.393985
1550427233.29205
1550427238.9565172
1550427247.2990363
1550427300.0646822
1550427320.9836943
1550427350.3303924
1550427380.9676876
1550427390.5244782
1550427396.0641782
1550427447.5250638
1550427491.7001026
1550427518.13034
1550427525.8459125
1550427568.5222864
1550427629.2835147
1550427656.951578
1550427702.1821904
1550427707.5920935
1550427713.8183331
1550427740.0290587
1550427764.0169451
