1552613969.398067
1552613976.530593
1552613996.8464088
1552614008.9925678
1552614010.7958066
1552614022.735174
1552614037.8097217
1552614052.4862006
1552614068.2480373
1552614237.3397746
1552614270.5070415
1552614316.7721705
1552614326.1163955
1552614328.0101714
1552614340.3297195
1552614373.884629
1552614407.7963161
1552614409.5342605
1552614426.885127
1552614436.4372547
1552614536.3241572
1552614543.5966573
1552614570.239
1552614576.9882946
1552614591.7885818
1552614598.930385
1552614651.5270438
1552614701.1818824
1552614747.2469475
1552614868.246204
1552614878.0137348
1552614917.4756846
1552614943.1100564
1552615016.3136554
1552615074.838744
1552615078.614484
1552615108.832227
1552615131.2704031
1552615159.222518
1552615188.5654788
1552615197.881384
1552615237.1929753
1552615259.7568176
1552615286.7825842
1552615293.6795182
1552615364.2942326
1552615379.1366832
1552615399.4383197
1552615419.9853368
1552615484.8828382
1552615541.7281172
1552615554.1695254
1552615703.443627
1552615715.8569992
1552615742.7711275
1552615762.309968
1552615771.6998901
1552615797.753206
1552615807.8130074
1552615838.3505979
1552615893.2379897
1552615895.1057968
1552615931.5989327
1552615989.2118423
1552616030.9947207
1552616068.9926503
1552616097.3244774
1552616161.576012
1552616163.0931172
1552616167.3002443
1552616174.451242
1552616186.9391437
1552616191.252181
1552616277.6683376
1552616287.7064426
1552616310.692532
1552616384.1063626
1552616409.8988204
1552616414.3592198
1552616418.669285
1552616427.9084597
1552616453.2750297
1552616473.403511
1552616475.063898
1552616482.1819177
1552616486.6860554
1552616488.2244835
1552616515.9279902
1552616590.2171228
1552616596.7532048
1552616608.8161829
1552616610.3354135
1552616612.0717895
1552616628.543619
1552616641.0340133
1552616648.046113
1552616654.538682
1552616656.3969417
1552616685.1571143
1552616708.7161798
1552616746.361574
1552616777.1732097
1552616784.1286402
1552616812.7017033
1552616822.4721398
1552616845.4502056
1552616895.2372758
1552616966.3418207
1552617008.006936
1552617030.850941
1552617091.8864903
1552617112.3981197
1552617159.253949
1552617232.9715278
1552617250.4861693
1552617314.0552468
1552617323.5612469
1552617335.778602
1552617349.0133045
1552617355.911855
1552617368.5299208
1552617388.5219378
1552617462.4754872
1552617496.7723272
1552617523.229786
1552617540.7243457
1552617558.0483305
1552617570.4820023
1552617590.675058
1552617600.1015558
1552617685.4044828
1552617716.070396
1552617789.372544
1552617829.4011238
1552617833.6737287
1552617840.4248254
1552617852.5886683
1552617905.6235383
1552617929.6425092
1552617944.705194
1552617980.3354888
1552618068.3826396
1552618085.979574
1552618095.142528
1552618099.6573153
1552618128.4519165
1552618157.3979652
1552618175.8356817
1552618201.27725
1552618211.1082523
1552618231.127082
1552618264.9182901
1552618377.379942
1552618418.5919194
1552618422.914084
1552618451.032157
1552618501.415136
1552618516.635699
1552618564.3095279
1552618573.9605348
1552618626.4346955
1552618651.951737
1552618710.862624
1552618723.2481494
1552618795.3297863
1552618796.8111587
1552618814.7566187
1552618848.4275103
1552618852.3922682
1552618853.8672729
1552618874.7227426
1552618878.8560092
1552618888.7142045
1552618919.2087455
1552618975.652711
1552619110.888379
1552619187.463387
1552619236.75138
1552619265.4982834
1552619288.4497833
1552619333.3332155
1552619350.9879353
1552619352.6735494
1552619418.8443348
1552619420.2994208
1552619457.0144944
1552619472.1192799
1552619535.8511639
1552619545.5775156
1552619549.7819784
1552619575.630097
1552619686.985488
1552619706.748638
1552619716.4703238
1552619752.404034
1552619778.548625
1552619806.7216957
1552619813.6770742
1552619817.9951565
1552619819.6044993
1552619901.8071475
1552619930.1213071
1552619945.4781537
1552619955.146785
1552619964.9997854
1552619995.9845088
1552620011.4548094
1552620035.4680576
1552620098.8359218
1552620125.0315826
1552620137.101281
1552620154.42116
1552620177.9307082
1552620211.3254025
1552620231.807654
1552620235.93676
1552620253.6948988
1552620260.6131358
1552620274.876329
1552620298.1306045
1552620319.007086
1552620386.4077396
1552620476.04598
1552620499.6582286
1552620531.249618
1552620554.0291061
1552620572.4628024
1552620576.8793876
1552620629.251171
1552620641.0883348
1552620648.5002265
1552620660.9985209
1552620678.5698526
1552620693.3654554
1552620710.8257558
1552620712.4866486
1552620746.8775628
1552620777.5585082
1552620778.8497977
1552620828.1667633
1552620834.4681995
1552620841.261047
1552620842.94912
1552620879.2810776
1552620915.2239232
1552621021.6471105
1552621049.6066933
1552621051.0660803
1552621064.1278954
1552621105.781866
1552621159.0770316
1552621193.5287013
1552621211.298099
1552621257.8102021
1552621267.7295353
1552621277.4235175
1552621328.921702
1552621344.315895
1552621367.2771847
1552621381.9552188
1552621391.6208496
1552621406.6415427
1552621424.573811
1552621478.9520578
1552621496.332388
1552621515.9732316
1552621520.4533796
1552621522.1024547
1552621526.5077753
1552621552.203673
1552621601.8429
1552621640.4168484
1552621660.85857
1552621665.10225
1552621669.5833497
1552621690.157919
1552621716.4797668
1552621725.9614365
1552621748.4527469
1552621801.5841446
1552621808.1649747
1552621831.0276122
1552621843.090054
1552621887.7469783
1552621932.2863307
1552621933.956642
1552621935.79446
1552621944.6618884
1552621978.0847554
1552622022.4552236
1552622045.7024305
1552622050.1004136
1552622059.3973157
1552622077.106972
1552622130.3834052
1552622140.2938027
1552622192.0666878
1552622242.1167517
1552622273.047397
1552622287.5764604
1552622347.87118
1552622371.08054
1552622422.1806655
1552622431.954546
1552622460.970726
1552622534.952044
1552622555.5014467
1552622594.4779174
1552622622.6745074
1552622634.5229716
1552622678.9127996
1552622722.6926112
1552622724.4069676
1552622760.2717776
1552622809.337841
1552622832.826796
1552622850.8544343
1552622962.011011
1552622985.138001
1552623053.4575856
1552623086.3258302
1552623185.076835
1552623215.3689501
1552623224.8126223
1552623228.9716096
1552623286.450021
1552623385.8601947
1552623395.3426843
1552623493.4338632
1552623506.2156339
1552623518.2572618
1552623519.9954524
1552623532.352417
1552623544.4775515
1552623545.872785
1552623552.551401
1552623559.2427437
1552623692.5369387
1552623701.921081
1552623724.6782634
1552623731.9887543
1552623735.9494104
1552623770.0957243
1552623795.2702312
1552623796.773875
1552623833.1196287
1552623859.029051
1552623900.3236659
1552623960.5375876
1552623975.4855871
1552623980.2170649
1552623984.5252388
1552624002.1289825
1552624028.8389513
1552624043.8684697
1552624097.6301255
1552624099.3674345
1552624106.0846562
1552624134.6038902
1552624147.2376473
1552624170.3528187
1552624172.0587242
1552624211.3347507
1552624237.3457704
1552624249.7463365
1552624291.5548673
1552624298.7382908
1552624313.0281851
1552624317.3107126
1552624356.2802217
1552624357.916867
1552624380.644764
1552624407.6632664
1552624409.306174
1552624448.554114
1552624463.731631
1552624494.9668198
1552624504.5601118
1552624508.9254086
1552624518.6443517
1552624560.8747592
1552624578.7022784
1552624585.843589
1552624611.910508
1552624623.9602404
1552624641.6317008
1552624722.7188532
1552624735.0394363
1552624753.6016626
1552624766.1667519
1552624775.7295735
1552624830.6982265
1552624919.600959
1552624934.352661
1552624958.042093
1552624981.3111439
1552625010.0986638
1552625089.767144
1552625128.5548568
1552625135.436877
1552625179.1632984
1552625180.9121404
1552625193.2634575
1552625227.0491776
1552625231.2093198
1552625262.5948195
1552625326.5388098
1552625333.8263204
1552625340.7489018
1552625353.1491137
1552625360.2952235
1552625364.581038
1552625387.5915976
1552625389.2887254
1552625396.2301292
1552625403.537783
1552625439.7227545
1552625441.4514523
1552625477.7763894
1552625497.437398
1552625504.425354
1552625505.978991
1552625507.326274
1552625534.3914795
1552625541.154426
1552625561.9404814
1552625569.060737
1552625570.5095994
1552625571.961991
1552625588.3959973
1552625611.8535123
1552625634.6624744
1552625658.423887
1552625684.7417336
1552625705.186427
1552625842.2995424
1552625880.417017
1552625882.0332367
1552626003.6487463
1552626060.2326136
1552626080.1823475
1552626086.5369074
1552626162.2880516
1552626177.237964
1552626181.5279384
1552626203.9711218
1552626208.5422316
1552626212.5015283
1552626216.8154361
1552626218.328466
1552626225.5822027
1552626234.8154793
1552626244.6994867
1552626281.374909
1552626291.1325707
1552626342.241339
1552626357.1052146
1552626377.2567313
1552626386.722658
1552626399.0836926
1552626496.6269403
1552626564.6488457
1552626569.108494
1552626605.6027336
1552626623.467328
1552626638.8741302
1552626674.3389282
1552626729.84988
1552626742.2772963
1552626749.065708
1552626764.632691
1552626804.5758286
1552626856.9815433
1552626863.6849418
1552626931.9996064
1552627004.1034672
1552627005.5417576
1552627046.9077897
1552627048.4193964
1552627085.1476488
1552627092.2980096
1552627163.7622106
1552627207.3199146
1552627259.606569
1552627310.0518084
1552627314.5536222
1552627318.9857447
1552627342.122259
1552627351.9118526
1552627377.8216662
1552627411.5678918
1552627466.7904031
1552627476.1831398
1552627551.4118786
1552627558.517062
1552627577.0543425
1552627599.1447778
1552627616.54867
1552627628.477394
1552627646.9437165
1552627673.0072925
1552627684.8078425
1552627748.2844658
1552627749.8299127
1552627830.078916
1552627864.2776508
1552627914.412061
1552627934.7072873
1552627936.2496548
1552627989.8576808
1552627999.3941374
1552628009.1308832
1552628032.687039
1552628042.4469066
1552628052.122499
1552628056.2794895
1552628057.790291
1552628078.1217875
1552628087.7254674
1552628089.2068164
1552628090.6819243
1552628125.6807795
1552628127.3923764
1552628131.4926214
1552628178.727556
1552628185.8628454
1552628190.1534977
1552628238.1656935
1552628357.0957856
1552628364.2956488
1552628382.403832
1552628397.0586379
1552628398.7336266
1552628402.894556
1552628448.1093733
1552628476.0703425
1552628477.52484
1552628506.0535717
1552628518.4723086
1552628523.0638459
1552628543.8026898
1552628550.6354232
1552628591.4030895
1552628645.0707211
1552628665.6159582
1552628703.7207203
1552628740.5422525
1552628768.9219594
1552628863.3839142
1552628875.7990477
1552628895.91426
1552629054.586876
1552629061.5974147
1552629068.5239656
1552629070.2009604
1552629074.5443404
1552629075.9636285
1552629104.6021595
1552629130.7848978
1552629142.7384055
1552629149.5407465
1552629259.1375532
1552629282.4373248
1552629296.909939
1552629309.766857
1552629319.46459
1552629342.3638172
1552629376.1544907
1552629422.15064
1552629429.605689
1552629431.0519965
1552629438.4347758
1552629470.1516593
1552629513.7103767
1552629539.6059217
1552629622.0656338
1552629653.917717
1552629685.8045428
1552629783.7370198
1552629787.979624
1552629821.5860724
1552629841.2064433
1552629862.1091301
1552629866.31358
1552629870.763064
1552629893.7617128
1552629906.0772564
1552629907.714885
1552629917.6819875
1552629934.932125
1552629951.921659
1552629984.5153224
1552630002.5649643
1552630004.20933
1552630013.3560646
1552630017.6200812
1552630038.327546
1552630084.8178258
1552630132.102267
1552630179.2065763
1552630214.8265514
1552630224.414503
1552630225.826192
1552630323.5439644
1552630338.5600758
1552630381.1853871
1552630494.4575672
1552630504.2173386
1552630541.3261313
1552630569.5569959
1552630571.243867
1552630610.1152768
1552630670.8612928
1552630717.7907357
1552630740.7909305
1552630749.948248
1552630753.9511516
1552630773.4763443
1552630799.3124473
1552630806.4854312
1552630824.4843595
1552630839.3695776
1552630847.0160162
1552630859.4462454
1552630874.9207878
1552630879.3169384
1552630891.4207988
1552630903.0257683
1552630904.56655
1552630913.6715827
1552630931.5855846
1552630968.0379465
1552630980.463454
1552630997.7067137
1552631045.2615833
1552631046.9209242
1552631059.3690875
1552631103.74526
1552631110.635639
1552631119.9022443
1552631142.2592118
1552631238.218996
1552631253.82567
1552631276.8372848
1552631328.2811284
1552631405.494184
1552631428.9260957
1552631430.5697596
1552631577.8852344
1552631603.8272212
1552631605.6414704
1552631633.7504792
1552631720.7410579
1552631735.5366588
1552631892.3583941
1552631893.8899498
1552631927.3288639
1552631962.8208747
1552631994.1686468
1552631998.2167072
1552632026.6379251
1552632076.2736182
1552632192.2230513
1552632212.3359137
1552632265.4820447
1552632286.2569082
1552632319.899415
1552632391.9342465
1552632401.0910974
1552632402.5249362
1552632444.4266953
1552632445.968446
1552632455.890582
1552632465.8009956
1552632491.453345
1552632544.3304112
1552632558.8576617
1552632576.629824
1552632635.8614078
1552632651.0415728
1552632670.4949763
1552632723.9014187
1552632747.8188534
1552632762.4943504
1552632817.304629
1552632829.735534
1552632924.020966
1552632977.004808
1552632978.6810997
1552632982.989596
1552633000.44797
1552633050.7322218
1552633052.2443366
1552633064.1765995
1552633068.6823006
1552633075.5517652
1552633084.7920165
1552633102.4465098
1552633122.9664962
1552633127.2864087
1552633134.4112492
1552633186.814061
1552633212.2919633
1552633230.5106025
1552633248.669684
1552633271.5349007
1552633276.0350406
1552633277.3640978
1552633289.6436555
1552633357.7537727
1552633372.4868586
1552633390.0958002
1552633416.2389455
1552633444.1897392
1552633453.8113937
1552633558.7232788
1552633579.0464122
1552633621.1061616
1552633625.1217978
1552633685.2996204
1552633714.3895533
1552633744.8525214
1552633746.6787379
1552633817.4202886
1552633824.769743
1552633831.7584338
1552633843.9164133
1552633845.215211
1552633896.7400908
1552633898.2043872
1552633955.6505857
1552633972.880566
1552633982.1571057
1552634016.0906625
1552634019.873103
1552634021.2509277
1552634057.5997686
1552634067.1115484
1552634103.1386843
1552634115.183135
1552634116.6419058
1552634234.8613403
1552634298.6827538
1552634300.3444278
1552634304.2074852
1552634310.9723635
1552634342.0154562
1552634364.7253551
1552634366.3749895
1552634370.390688
1552634374.5236535
1552634389.2712853
1552634407.6353984
1552634460.3772414
1552634488.174619
1552634511.1037297
1552634528.8664644
1552634530.5873008
1552634546.5903976
1552634575.2310493
1552634600.3665693
1552634672.00444
1552634708.3384128
1552634744.044567
1552634745.7508264
1552634757.8361533
1552634914.6877284
1552634919.1637151
1552634953.6232035
1552634980.1344867
1552634989.3762417
1552635013.4802518
1552635029.0060685
1552635046.9543931
1552635051.751941
1552635058.682318
1552635062.632318
1552635148.3233795
1552635165.8766005
1552635194.70058
1552635196.4056244
1552635214.4859622
1552635301.0352128
1552635310.4262497
1552635352.04264
1552635353.7386143
1552635355.5241163
1552635361.8257012
1552635382.1793418
1552635405.177981
1552635441.1064577
1552635528.1345458
1552635569.8562677
1552635591.7685895
1552635620.8049448
1552635622.4904866
1552635728.19225
1552635733.003051
1552635745.7664437
1552635837.688149
1552635868.8559754
1552635950.7159286
1552635960.7178893
1552636099.3505535
1552636162.0517402
1552636182.6901836
1552636264.190897
1552636279.412855
1552636314.0209002
1552636362.600385
1552636447.3239057
1552636473.2112625
1552636485.1834776
1552636489.5191028
1552636544.1278822
1552636569.9643044
1552636577.0344548
1552636656.239839
1552636663.482509
1552636670.2173648
1552636677.1682289
1552636697.6764443
1552636728.4915135
1552636740.924777
1552636752.1907978
1552636769.219047
1552636797.2304342
1552636803.6823297
1552636805.3275201
1552636809.272677
1552636810.894808
1552636839.2385035
1552636840.9699147
1552636887.464758
1552636908.0578692
1552636938.54796
1552636980.6619005
1552637024.838177
1552637044.1792302
1552637064.1824534
1552637076.4901729
1552637102.4707968
1552637149.7235088
1552637247.5588796
1552637280.8609262
1552637335.3972712
1552637372.7725554
1552637529.9223533
1552637531.2388139
1552637557.5604005
1552637559.2365339
1552637571.092481
1552637774.7966485
1552637779.0462904
1552637788.1800022
1552637914.0375862
1552637915.4569046
1552637964.8694363
1552637993.2843544
1552638032.512305
1552638042.7203593
1552638044.4661222
1552638064.3827567
1552638068.8440282
1552638226.0246115
1552638254.9136074
1552638277.3318079
1552638307.4341784
1552638309.0393808
1552638310.6915548
1552638314.200851
1552638342.2379155
1552638349.194095
1552638396.66915
1552638411.5810513
1552638437.0993862
1552638465.2001727
1552638483.0514545
1552638501.2657673
1552638502.6978152
1552638530.892857
1552638548.4974306
1552638566.620181
1552638619.4167674
1552638674.711074
1552638678.582621
1552638688.5019026
1552638700.8437219
1552638702.5969229
1552638750.9759977
1552638768.9672596
1552638773.3139384
1552638809.482103
1552638905.3485625
1552638920.7110374
1552638924.978751
1552638971.6077135
1552639011.060952
1552639023.2557845
1552639064.8411398
1552639080.3105953
1552639105.6512222
1552639142.3240755
1552639165.8723862
1552639196.9953685
1552639206.5831583
1552639305.5592306
1552639397.9022796
1552639429.2531986
1552639455.3911824
1552639489.643843
1552639499.144221
1552639502.9066575
1552639525.737096
1552639578.6389482
1552639606.835546
1552639624.3537524
1552639674.529425
1552639687.1866593
1552639747.6195853
1552639783.9431715
1552639826.0549762
1552639872.8240418
1552639877.2117062
1552639900.0980256
1552639901.5511858
