1551183044.1982656
1551183066.6351182
1551183082.4712949
1551183084.6399806
1551183114.984801
1551183150.543756
1551183170.5428412
1551183175.7966056
1551183177.715564
1551183198.2986405
1551183208.6144369
1551183237.0667717
1551183244.4956036
1551183249.7691925
1551183287.6776087
1551183306.8786476
1551183309.7078269
1551183321.899733
1551183333.8648288
1551183334.9525585
1551183369.8627086
1551183378.7832272
1551183382.0008895
1551183396.842308
1551183433.4235935
1551183438.7980473
1551183457.671846
1551183507.396099
1551183529.7615025
1551183530.2889543
1551183546.3493707
1551183605.0559099
1551183612.3100655
1551183617.1249638
1551183622.101074
1551183627.406283
1551183639.4353387
1551183642.6379583
1551183682.412635
1551183687.618739
1551183695.0115364
1551183703.2701395
1551183720.6419551
1551183721.7090218
1551183727.3581636
1551183730.795316
1551183740.2410235
1551183750.8686295
1551183759.0655057
1551183761.857233
1551183771.3800786
1551183779.767724
1551183791.9056442
1551183794.612398
1551183799.031794
1551183820.5504632
1551183834.3412855
1551183839.4090948
1551183846.5699577
1551183880.1666164
1551183881.27242
1551183886.8158226
1551183901.071133
1551183901.1201258
1551183906.792303
1551183908.293517
1551183961.2205033
1551183979.3522828
1551184025.8405097
1551184039.0836039
1551184048.5523264
1551184053.1132448
1551184064.2322948
1551184081.704795
1551184085.3242154
1551184112.1527083
1551184133.5228937
1551184182.9498398
1551184199.7653515
1551184203.5382833
1551184271.1087863
1551184276.4137735
1551184286.9076576
1551184306.7324271
1551184324.2483132
1551184329.0384405
1551184341.6784093
1551184349.1153314
1551184403.1093345
1551184406.1464143
1551184412.2124627
1551184440.5562305
1551184480.0115805
1551184495.0641305
1551184498.2950332
1551184512.6364028
1551184526.5188062
1551184543.7806585
1551184546.9545155
1551184547.0341475
1551184554.2260473
1551184561.165185
1551184562.2273622
1551184570.1341794
1551184571.192676
1551184594.8545833
1551184608.1141353
1551184629.0338385
1551184688.1241448
1551184735.2232296
1551184774.3195097
1551184782.3572278
1551184786.4146447
1551184805.9666348
1551184817.3536131
1551184825.7422082
1551184830.9616127
1551184852.2432837
1551184873.1951237
1551184884.2285283
1551184897.5329263
1551184909.1044781
1551184912.3521128
1551184961.9093077
1551184964.0476825
1551184981.751538
1551184993.2828271
1551184999.1962936
1551185025.2848952
1551185038.4671836
1551185039.5373979
1551185050.0857444
1551185061.4149885
1551185070.8753605
1551185111.6164236
1551185145.0194376
1551185164.8450992
1551185190.5991983
1551185194.6635373
1551185198.2593994
1551185202.475042
1551185252.4838798
1551185269.6422503
1551185283.8777153
1551185287.9192896
1551185291.7284472
1551185313.8555102
1551185313.9051747
1551185329.1344783
1551185331.9125009
1551185346.4789603
1551185352.798743
1551185385.3969612
1551185417.9117632
1551185420.0784488
1551185421.652336
1551185424.706452
1551185428.8027916
1551185469.032881
1551185471.1785522
1551185477.1964016
1551185518.070623
1551185552.8790145
1551185572.4829748
1551185573.5519285
1551185625.3579104
1551185634.713997
1551185728.1681352
1551185730.2796006
1551185742.2470987
1551185749.1002538
1551185760.073981
1551185785.8484836
1551185822.0340848
1551185827.176267
1551185834.6333902
1551185835.724782
1551185846.52932
1551185851.2473574
1551185864.8374803
1551185875.2384193
1551185886.4069488
1551185892.8496127
1551185902.8849933
1551185910.488426
1551185913.680665
1551185933.1315246
1551185948.7024896
1551185968.6602533
1551185984.2740316
1551186012.7972817
1551186024.8353817
1551186034.895793
1551186036.3813362
1551186039.4118972
1551186107.4214098
1551186130.7112944
1551186151.883495
1551186154.2293005
1551186156.9680078
1551186165.0998867
1551186198.2694798
1551186216.734103
1551186245.9267592
1551186252.202299
1551186280.0273578
1551186303.800474
1551186327.0679166
1551186341.2217746
1551186349.332029
1551186365.3340933
1551186383.551183
1551186395.0446835
1551186432.3370874
1551186460.2370465
1551186464.794175
1551186479.950912
1551186495.246688
1551186500.6157093
1551186548.2719433
1551186571.7269812
1551186621.6806333
1551186649.8513784
1551186656.7076676
1551186665.9773247
1551186679.9918263
1551186693.8339925
1551186700.233075
1551186735.5745885
1551186739.7880592
1551186739.8396733
1551186749.4305248
1551186754.126844
1551186772.7806487
1551186801.0054796
1551186806.1720686
1551186818.3506396
1551186825.3280277
1551186834.417789
1551186859.9534233
1551186874.604177
1551186892.1145735
1551186910.6613693
1551186924.1436334
1551186967.2943077
1551186976.1544805
1551187009.4063582
1551187029.6517155
1551187045.8865228
1551187085.8767653
1551187098.3314812
1551187109.8515153
1551187120.1336615
1551187132.713124
1551187142.8640897
1551187151.1775515
1551187154.154612
1551187170.2256074
1551187191.139695
1551187202.1412256
1551187204.067307
1551187235.3621786
1551187272.3750052
1551187288.1739695
1551187343.4357858
1551187399.2267742
1551187409.597067
1551187409.6484404
1551187418.0173948
1551187435.2514179
1551187445.4225469
1551187472.3938835
1551187511.2170398
1551187541.0361824
1551187549.5825202
1551187563.1398232
1551187579.983706
1551187586.4794042
1551187621.689309
1551187635.9289055
1551187662.5045302
1551187665.7328773
1551187671.56384
1551187688.1625164
1551187701.1380792
1551187714.9658542
1551187750.734557
1551187750.788951
1551187758.7912302
1551187763.9098005
1551187767.1408603
1551187775.3571982
1551187803.5373135
1551187803.5950496
1551187844.6055834
1551187894.4850445
1551187916.5513058
1551187921.420188
1551187923.5167537
1551187938.3110018
1551187946.045455
1551187953.439099
1551187955.4416819
1551187956.8537424
1551187963.5469313
1551187968.9101634
1551187986.9560094
1551187992.880773
1551187996.076477
1551187997.5711024
1551188000.44913
1551188070.1913514
1551188074.252477
1551188078.0257194
1551188133.6970267
1551188170.0603485
1551188201.8463466
1551188248.3334463
1551188268.3138475
1551188271.2716157
1551188315.196988
1551188317.0758972
1551188321.9027853
1551188350.6344488
1551188355.1933615
1551188384.64127
1551188412.2333694
1551188423.4651196
1551188436.3430316
1551188453.0447464
1551188456.7777348
1551188466.7977242
1551188500.26657
1551188513.6283376
1551188529.4457123
1551188537.6956656
1551188580.5513327
1551188610.0884175
1551188619.6035674
1551188665.970223
1551188672.9597719
1551188677.1309657
1551188680.0721126
1551188749.9027984
1551188756.7921062
1551188781.070308
1551188810.511677
1551188815.193809
1551188817.8960087
1551188835.9784265
1551188841.385361
1551188855.5669534
1551188861.0647285
1551188886.1757498
1551188892.656523
1551188906.3945403
1551188925.053964
1551188956.3556361
1551188967.6766293
1551188989.8494687
1551189003.709073
1551189027.590462
1551189048.0718474
1551189078.714059
1551189091.7288568
1551189117.36336
1551189182.7967937
1551189198.53472
1551189235.8889024
1551189240.896912
1551189265.4416943
1551189283.2836618
1551189302.3899002
1551189315.6151433
1551189320.8196118
1551189340.0065231
1551189345.5210178
1551189357.7453322
1551189378.2425978
1551189386.7281868
1551189389.421902
1551189401.6066344
1551189418.503874
1551189430.8320627
1551189448.2364295
1551189455.0214524
1551189463.5581825
1551189479.6237814
1551189483.885735
1551189506.408792
1551189548.7288716
1551189570.1274889
1551189582.2552154
1551189601.0465448
1551189629.9668336
1551189661.5130272
1551189689.3887303
1551189697.5665164
1551189723.6284337
1551189737.0235887
1551189739.9137967
1551189762.3324025
1551189775.1523407
1551189781.579605
1551189789.4473104
1551189798.6343386
1551189800.5861702
1551189824.5963852
1551189827.0586965
1551189863.884075
1551189871.318315
1551189901.836756
1551189929.6437738
1551189964.0107
1551189981.2748618
1551190008.5223014
1551190033.758819
1551190044.0643303
1551190050.8700297
1551190064.4566927
1551190077.5909853
1551190122.640425
1551190132.664782
1551190139.190672
1551190169.9991467
1551190186.3928576
1551190214.3968127
1551190215.4718423
1551190267.5908954
1551190274.564554
1551190286.5423627
1551190298.2415686
1551190338.2310793
1551190373.9929042
1551190382.279483
1551190397.5357618
1551190403.5933459
1551190409.9465697
1551190423.9103308
1551190436.3265874
1551190459.8764412
1551190463.5968394
1551190483.0961034
1551190487.153189
1551190492.0170445
1551190550.244113
1551190566.0958943
1551190592.0748565
1551190596.398812
1551190637.955991
1551190653.6474411
1551190659.7597466
1551190696.0016837
1551190708.9884107
1551190723.845465
1551190788.465774
1551190814.105926
1551190844.0106502
1551190853.1710858
1551190903.985597
1551190921.7321043
1551190972.818112
1551190985.9813771
1551190996.3249912
1551191031.792221
1551191053.9060078
1551191075.3556597
1551191116.1057134
1551191120.5517995
1551191138.8390105
1551191142.436852
1551191168.2262523
1551191173.8124638
1551191192.5975401
1551191265.541834
1551191307.662932
1551191311.98294
1551191315.2076395
1551191331.5657272
1551191355.111141
1551191384.5885382
1551191389.9914315
1551191395.5283687
1551191399.7712023
1551191411.2713437
1551191411.335225
1551191421.558105
1551191426.4171572
1551191455.9115899
1551191466.5500724
1551191472.0970445
1551191490.8250184
1551191492.9602702
1551191512.8152986
1551191616.7111225
1551191693.5601585
1551191698.3133042
1551191707.656468
1551191715.1419134
1551191715.1967585
1551191719.379952
1551191720.7275834
1551191722.6433895
1551191724.7936914
1551191732.0557976
1551191741.2736554
1551191741.3547702
1551191756.6470265
1551191761.3828359
1551191763.9484286
1551191797.05457
1551191821.6726542
1551191836.4424136
1551191843.2850142
1551191906.4894357
1551191920.1916056
1551191930.141149
1551191935.886553
1551191936.031244
1551191949.737417
1551191960.7831552
1551191988.4646804
1551192008.81606
1551192020.9776416
1551192022.0727282
1551192032.5312393
1551192068.1407557
1551192074.2355917
1551192078.5325832
1551192095.2487507
1551192100.207586
1551192134.8495011
1551192148.7551317
1551192155.6225743
1551192187.692004
1551192189.5459135
1551192197.9157467
1551192248.3299713
1551192251.5765736
1551192332.79796
1551192337.734926
1551192352.6537862
1551192374.4979699
1551192437.5110195
1551192456.5230954
1551192463.9492416
1551192508.235438
1551192511.50274
1551192527.68477
1551192542.8702404
1551192566.153331
1551192583.213258
1551192583.2770307
1551192615.960083
1551192705.2965512
1551192719.2480974
1551192744.2045999
1551192807.2196884
1551192842.1738644
1551192869.4340227
1551192874.5052361
1551192876.059474
1551192879.891089
1551192890.7387316
1551192892.43199
1551192892.4865496
1551192907.8322291
1551192920.5106256
1551192939.5009055
1551192945.7346365
1551192955.1852152
1551192958.4027293
1551192977.6083734
1551193018.2307081
1551193044.68685
1551193064.9529865
1551193101.5120387
1551193109.0057468
1551193130.7757702
1551193136.0146685
1551193140.3622868
1551193158.957465
1551193163.409167
1551193169.6747208
1551193206.069411
1551193227.600477
1551193254.736021
1551193314.4883184
1551193320.9676514
1551193334.6406415
1551193334.7082267
1551193347.1916564
1551193378.232106
1551193383.5200946
1551193396.6592598
1551193434.7955294
1551193448.6296976
1551193449.756368
1551193456.962536
1551193457.01263
1551193460.0881898
1551193484.8725693
1551193497.4179952
1551193514.0690622
1551193522.471637
1551193539.501261
1551193542.55321
1551193587.3516865
1551193590.8763316
1551193620.6611452
1551193652.3977327
1551193700.810327
1551193719.0313842
1551193719.1104374
1551193720.124353
1551193739.3763714
1551193739.4312718
1551193755.6909232
1551193797.281119
1551193802.6513402
1551193802.7321932
1551193816.1583884
1551193825.5052252
1551193849.253154
1551193879.6058605
1551193914.8721936
1551193956.8017588
1551193985.334152
1551194006.134939
1551194006.1811922
1551194037.8932185
1551194048.6114423
1551194065.796863
1551194067.7973099
1551194077.033877
1551194086.7199378
1551194135.4290855
1551194165.434229
1551194179.4717383
1551194196.3018017
1551194200.1775959
1551194217.7398956
1551194233.3153117
1551194242.7656562
1551194255.785062
1551194286.033549
1551194307.9786234
1551194323.5126245
1551194332.8755662
1551194379.757455
1551194431.5679677
1551194445.6440566
1551194508.782457
1551194530.4988613
1551194555.682972
1551194558.4127998
1551194596.8728445
1551194620.7988958
1551194630.9306273
1551194636.238751
1551194639.3404179
1551194646.5470712
1551194649.8073223
1551194658.6940424
1551194665.9953837
1551194702.5268247
1551194740.4070811
1551194755.6767597
1551194757.834817
1551194770.1755466
1551194782.67182
1551194788.1274846
1551194827.1936278
1551194835.3094995
1551194853.4212666
1551194859.9137306
1551194875.0099025
1551194885.1673896
1551194888.7239783
1551194899.2545342
1551194899.309249
1551194912.0977957
1551194956.6223292
1551194966.5802372
1551194975.691141
1551194981.9232714
1551194988.9494872
1551194994.4724154
1551195029.793593
1551195034.6155858
1551195054.8823411
1551195067.2558234
1551195074.9731145
1551195077.9049928
1551195109.0250804
1551195146.1857817
1551195173.8658316
1551195220.8911831
1551195227.7625809
1551195227.8484733
1551195229.5151477
1551195271.5653803
1551195283.2780108
1551195315.2707682
1551195322.5401464
1551195326.4111764
1551195380.8214946
1551195387.2528942
1551195400.8479054
1551195433.7412713
1551195441.3602557
1551195463.6678166
1551195470.8165596
1551195476.06139
1551195484.4239912
1551195492.324686
1551195506.3842914
1551195516.2336936
1551195521.7754798
1551195530.0714154
1551195557.6586728
1551195562.7935996
1551195565.932892
1551195599.7335615
1551195610.280372
1551195613.4247797
1551195651.1815865
1551195660.6396267
1551195682.4453273
1551195688.5515697
1551195699.8343666
1551195723.790723
1551195728.8652718
1551195752.37539
1551195767.7435567
1551195800.3340015
1551195818.5729237
1551195824.962144
1551195834.9879484
1551195864.2379246
1551195931.5559936
1551195936.7779117
1551195940.7464194
1551195962.39212
1551195975.1123571
1551196047.663512
1551196060.0010219
1551196106.1369853
1551196111.4141884
1551196114.54561
1551196175.2767324
1551196212.347883
1551196221.7746174
1551196252.0723581
1551196260.5819352
1551196277.031744
1551196286.9316168
1551196290.4428124
1551196294.1196826
1551196310.1801457
1551196333.9346538
1551196359.18103
1551196362.3811798
1551196369.3606105
1551196411.1031435
1551196424.3646274
1551196443.0540576
1551196453.6883361
1551196468.9672012
1551196510.7063046
1551196517.7336783
1551196525.2833815
1551196538.3467016
1551196592.960325
1551196637.3784885
1551196646.7021625
1551196661.9053564
1551196690.124394
1551196690.1706264
1551196703.5488482
1551196714.035239
1551196717.1865816
1551196733.0415006
1551196742.5125206
1551196748.4758904
1551196760.584233
1551196772.8146255
1551196785.7754
1551196808.8881133
1551196824.657045
1551196848.8043542
1551196857.772125
1551196932.4952743
1551196939.1103346
1551196939.2048175
1551196957.7713418
1551196989.8971772
1551196993.3633246
1551197032.7926683
1551197040.3618736
1551197049.994442
1551197062.067544
1551197066.236121
1551197106.0611744
1551197127.7382514
1551197134.0986128
1551197140.3113377
1551197158.230324
1551197181.1235049
1551197199.7611861
1551197210.2553928
1551197216.3894682
1551197264.065347
1551197265.1369717
1551197300.0748777
1551197306.5257313
1551197307.5911503
1551197318.1274521
1551197320.075728
1551197352.172359
1551197366.6971245
1551197389.833447
1551197435.4298403
1551197446.1931965
1551197459.2696762
1551197468.4724936
1551197480.6233318
1551197519.3674183
1551197592.8757915
1551197596.6755636
1551197646.7154202
1551197646.7633526
1551197650.6846364
1551197653.7121305
1551197657.5381734
1551197667.8330498
1551197678.0107505
1551197685.8000793
1551197685.851949
1551197692.4267058
1551197709.8632586
1551197716.543391
1551197727.6076012
1551197733.6514847
1551197740.0715268
1551197743.2455568
1551197768.8203857
1551197786.0378048
1551197798.8713624
1551197831.342781
1551197834.7304158
1551197838.4665291
1551197846.4458144
1551197861.908011
1551197870.395009
1551197885.21924
1551197885.272012
1551197898.8228104
1551197910.7677286
1551197924.9591768
1551197938.1526792
1551197973.9940178
1551197980.5898685
1551197982.162478
1551197984.4041822
1551198021.1045659
1551198028.22776
1551198035.5659516
1551198038.5143764
1551198045.7500615
1551198045.8193858
1551198055.7633994
1551198070.2391841
1551198118.9422474
1551198144.0796967
1551198153.5482562
1551198182.610409
1551198182.6605458
1551198185.677916
1551198203.2138472
1551198209.7287674
1551198219.9168608
1551198226.5082595
1551198233.8309352
1551198233.8760924
1551198288.4150822
1551198294.7015016
1551198301.9365358
1551198308.497655
1551198310.49303
1551198325.3111522
1551198331.5554519
1551198369.0382736
1551198386.9427752
1551198391.977479
1551198397.0910976
1551198410.8333535
1551198427.2989352
1551198432.0500722
1551198476.6455534
1551198484.98568
1551198489.1320057
1551198501.982594
1551198540.3920739
1551198560.9462025
1551198582.1348202
1551198588.4312913
1551198592.8885098
1551198594.9892855
1551198602.068626
1551198605.268864
1551198606.8559866
1551198640.3973887
1551198658.551769
1551198665.029087
1551198776.952336
1551198789.589908
1551198830.887457
1551198855.3758738
1551198866.3175392
1551198866.3659139
1551198873.585063
1551198873.6339505
1551198903.4320297
1551198916.482202
1551198933.5196228
1551198955.353584
1551198959.2409756
1551198962.2876856
1551198973.3501008
1551198985.519085
1551198996.5516248
1551198998.5468295
1551199001.5137813
1551199008.70899
1551199014.8393943
1551199016.9449532
1551199018.7928267
1551199022.6589499
1551199029.9200263
1551199049.793412
1551199060.1064544
1551199102.7541447
1551199111.3777978
1551199117.9584897
1551199127.5335124
1551199154.133653
1551199172.1318734
1551199174.1481218
1551199184.2478817
1551199193.2681463
1551199200.71042
1551199203.9395802
