1551349379.0569398
1551349427.9184027
1551349451.7893755
1551349481.905203
1551349487.3173053
1551349490.1010447
1551349505.8627045
1551349514.9283695
1551349516.0444162
1551349538.5971034
1551349554.8080707
1551349573.4269876
1551349576.601644
1551349602.7485518
1551349606.440658
1551349688.2762094
1551349698.8300579
1551349712.8219993
1551349735.0515637
1551349748.3590631
1551349755.1047056
1551349775.9554887
1551349779.1527462
1551349864.210094
1551349882.3177528
1551349890.9860153
1551349938.7705014
1551350020.0170474
1551350069.4041202
1551350080.018662
1551350087.547487
1551350108.9996357
1551350145.5024135
1551350149.663247
1551350154.2822082
1551350165.3214912
1551350208.3185418
1551350210.4025438
1551350246.5103235
1551350246.5632493
1551350274.9900723
1551350285.5177891
1551350325.708476
1551350354.1229365
1551350361.8044343
1551350406.4471397
1551350428.8812027
1551350470.2841024
1551350485.1285734
1551350497.8929856
1551350509.0059395
1551350532.83853
1551350539.4353802
1551350553.8475504
1551350648.6026974
1551350652.8429337
1551350654.1261013
1551350684.7894716
1551350697.8020785
1551350722.2150095
1551350722.5141726
1551350726.925186
1551350745.1959395
1551350796.5985777
1551350861.331536
1551350910.1199968
1551350915.1707451
1551350928.2723134
1551350944.4347403
1551350986.5132043
1551351002.6169183
1551351004.429265
1551351091.760999
1551351097.988421
1551351148.9132886
1551351154.9237366
1551351177.403395
1551351185.6306906
1551351208.37557
1551351220.4999723
1551351279.055946
1551351314.2880692
1551351321.8422897
1551351324.0405307
1551351379.3290944
1551351383.3209672
1551351452.465239
1551351466.8458676
1551351499.7264261
1551351515.1524274
1551351528.5876358
1551351534.4826002
1551351546.282421
1551351582.3590374
1551351603.8872883
1551351608.4927306
1551351678.034977
1551351736.7827094
1551351772.2121003
1551351790.5961177
1551351802.2181787
1551351821.5187037
1551351838.4135911
1551351857.713873
1551351876.12486
1551351888.365115
1551351918.2897997
1551351943.0863311
1551352009.6420634
1551352040.836679
1551352058.6021552
1551352087.7948942
1551352121.5591333
1551352132.5870974
1551352143.9368834
1551352170.0955741
1551352186.987972
1551352190.9074905
1551352220.9709237
1551352226.3592472
1551352236.3659744
1551352276.4305992
1551352297.2772174
1551352301.7716808
1551352337.518674
1551352386.1208158
1551352395.3108337
1551352467.7258403
1551352480.7799914
1551352490.8055668
1551352617.4061635
1551352647.9190865
1551352693.7226255
1551352699.4021623
1551352743.001104
1551352787.0231693
1551352815.1191268
1551352824.3797767
1551352832.2387207
1551352835.3438087
1551352839.2929268
1551352888.1142392
1551352898.1407216
1551352952.206056
1551352975.4384792
1551352991.0596585
1551352991.6250782
1551353001.6508098
1551353012.6962686
1551353044.6016748
1551353055.7847528
1551353082.4072244
1551353083.8553789
1551353122.0606384
1551353142.0629616
1551353144.3685493
1551353158.763843
1551353169.578692
1551353208.9124882
1551353211.9191382
1551353239.8841598
1551353257.8045475
1551353287.508104
1551353311.6332283
1551353355.4858615
1551353358.7276103
1551353378.733484
1551353443.5597024
1551353485.0677905
1551353495.097021
1551353604.1104004
1551353609.97102
1551353632.5564976
1551353646.3654377
1551353694.9563358
1551353749.722149
1551353769.9369535
1551353796.7837474
1551353807.8809738
1551353811.7282732
1551353829.2974005
1551353862.0015447
1551353905.5512552
1551353911.869828
1551353920.938809
1551353926.9232793
1551353967.0843563
1551354008.6896756
1551354015.654818
1551354024.2135017
1551354045.165055
1551354052.9320397
1551354078.2861187
1551354105.7289963
1551354160.0148184
1551354169.4810343
1551354170.6028106
1551354258.5139778
1551354273.8896587
1551354280.6824613
1551354285.8858883
1551354291.4119422
1551354295.9890964
1551354337.9345248
1551354363.2455966
1551354432.188014
1551354453.1644933
1551354469.7712612
1551354470.8432324
1551354482.8301084
1551354484.874919
1551354490.73438
1551354538.7719357
1551354548.0759284
1551354561.7559683
1551354616.6846805
1551354649.3360631
1551354649.9952564
1551354659.407246
1551354662.6069736
1551354713.5602293
1551354716.7174852
1551354719.0035763
1551354722.2513053
1551354740.2966707
1551354741.1057813
1551354762.5122554
1551354792.9224412
1551354801.0734422
1551354806.733778
1551354842.283499
1551354857.1171865
1551354887.4065278
1551354900.046394
1551354910.0697858
1551354921.4949474
1551354935.2799146
1551354991.0022807
1551355036.849329
1551355069.8820765
1551355084.4437766
1551355095.4087477
1551355170.6032681
1551355171.7261736
1551355177.8860598
1551355204.6821434
1551355209.7446709
1551355234.6052945
1551355245.930934
1551355249.4984975
1551355263.8597057
1551355270.5992217
1551355277.852219
1551355309.7119203
1551355320.7605023
1551355344.232807
1551355361.233921
1551355372.31036
1551355387.4070382
1551355394.6020987
1551355404.4476047
1551355421.9551346
1551355430.6082022
1551355441.4536324
1551355452.8501513
1551355480.4531329
1551355494.9582994
1551355508.909613
1551355515.1622128
1551355541.9720414
1551355587.0207136
1551355592.8428667
1551355618.9192886
1551355676.0545526
1551355677.1633782
1551355706.821905
1551355733.4736552
1551355753.964893
1551355785.240811
1551355838.8286574
1551355864.5327675
1551355877.208531
1551355881.1355548
1551355905.7959
1551355971.7876005
1551355983.1831782
1551355998.263171
1551356017.792829
1551356018.096034
1551356045.0811214
1551356079.9644108
1551356098.4241445
1551356128.1468349
1551356148.3877428
1551356184.3683398
1551356203.5647087
1551356232.492095
1551356254.0329194
1551356280.9234614
1551356307.4016156
1551356339.2640574
1551356351.2494876
1551356352.679583
1551356381.2407587
1551356457.7104383
1551356475.253028
1551356512.4093413
1551356542.1741028
1551356553.566435
1551356560.5971744
1551356589.0189297
1551356667.449743
1551356670.257491
1551356708.2078993
1551356813.971372
1551356842.065561
1551356879.1601577
1551356887.0528774
1551356939.5675979
1551356941.7949617
1551356993.5843866
1551356997.741099
1551357013.083778
1551357072.9170432
1551357121.9719322
1551357135.952894
1551357147.346793
1551357148.5622923
1551357159.1466947
1551357180.5600011
1551357201.8405964
1551357216.3806164
1551357235.9211664
1551357239.2169318
1551357255.244567
1551357255.2924044
1551357265.31551
1551357296.4425225
1551357306.4682763
1551357317.7980037
1551357336.0493329
1551357346.0725453
1551357372.2220736
1551357375.4143975
1551357383.886032
1551357404.017289
1551357417.0406547
1551357448.8461041
1551357464.2690172
1551357488.6326406
1551357493.9601111
1551357520.358822
1551357545.4694154
1551357557.4081373
1551357586.73297
1551357600.2290273
1551357647.3231313
1551357669.2289486
1551357695.4096143
1551357706.5939393
1551357803.054302
1551357804.4452107
1551357809.9643962
1551357833.5882766
1551357861.9530013
1551357897.2280226
1551357903.1093822
1551357931.9629195
1551357948.6804388
1551357951.7619665
1551357962.8018482
1551357993.8817625
1551357996.7853756
1551358016.5241725
1551358032.8397083
1551358051.2153957
1551358124.124683
1551358246.4154663
1551358263.472327
1551358296.3658998
1551358299.9833329
1551358309.7310336
1551358314.3814812
1551358330.844632
1551358335.8006713
1551358341.048154
1551358343.7090707
1551358362.990106
1551358373.0134053
1551358404.5328326
1551358434.6036353
1551358444.044996
1551358476.8449552
1551358485.7306428
1551358501.9644163
1551358524.8791504
1551358534.9018211
1551358555.8804457
1551358589.0045485
1551358599.0286999
1551358618.3914278
1551358643.6930358
1551358661.9328601
1551358665.9798856
1551358706.6410418
1551358735.732974
1551358746.8286035
1551358756.3639581
1551358789.5477254
1551358794.8322892
1551358797.134544
1551358869.3619974
1551358884.0948286
1551358903.747596
1551358943.8858888
1551358981.5191877
1551358993.655435
1551359037.2419019
1551359079.7663834
1551359089.787936
1551359131.326581
1551359132.6838608
1551359152.0447693
1551359157.8691974
1551359184.6822467
1551359204.5249794
1551359246.5762546
1551359267.0795505
1551359326.62024
1551359328.6858692
1551359345.2927494
1551359360.2194605
1551359370.242502
1551359380.2663162
1551359402.9517853
1551359443.8193092
1551359497.5347497
1551359529.270188
1551359565.7336314
1551359581.0073686
1551359610.6062474
1551359617.4967718
1551359640.8554459
1551359644.0771663
1551359654.1025798
1551359668.2935646
1551359682.9378884
1551359702.28207
1551359716.285077
1551359719.494928
1551359755.579493
1551359774.6772094
1551359790.3483112
1551359841.0098524
1551359901.6657174
1551359973.6627479
1551359985.479596
1551360001.4986765
1551360010.7867057
1551360024.692663
1551360105.6442347
1551360125.3107657
1551360192.762217
1551360222.6734693
1551360232.7000525
1551360246.33263
1551360262.0607595
1551360268.2218316
1551360298.7538161
1551360315.1687758
1551360345.645306
1551360360.0792816
1551360408.3380075
1551360441.2291477
1551360470.8457813
1551360504.0144756
1551360509.2420948
1551360516.4704576
1551360522.4189363
1551360542.0305018
1551360554.284596
1551360585.5599935
1551360586.092875
1551360601.8697886
1551360634.1884923
1551360643.057496
1551360645.6453261
1551360658.0017302
1551360664.4940057
1551360674.5742626
1551360739.0040696
1551360766.3485065
1551360786.8327785
1551360810.9256182
1551360820.950566
1551360867.5185254
1551360900.878499
1551360910.8734887
1551360929.9288006
1551360947.18362
1551360967.6391807
1551360985.3554027
1551361033.018211
1551361072.3633263
1551361094.2991068
1551361149.566586
1551361200.7645674
1551361210.1219783
1551361228.8111174
1551361239.3093538
1551361257.4828641
1551361271.5505528
1551361285.456159
1551361291.475991
1551361333.9358864
1551361355.056247
1551361393.3275394
1551361435.8046522
1551361538.9298463
1551361559.3142354
1551361584.498716
1551361637.1648881
1551361669.9062214
1551361678.757081
1551361715.8173206
1551361730.6040945
1551361764.3590038
1551361795.0037549
1551361824.3614187
1551361824.4113266
1551361847.3150017
1551361866.4430315
1551361910.4573593
1551361915.8513987
1551362019.0052392
1551362060.3516707
1551362123.713651
1551362134.2553475
1551362159.2834003
1551362185.774815
1551362198.9527144
1551362199.1995125
1551362213.5221832
1551362236.1121922
1551362295.2437518
1551362300.7955036
1551362302.3709269
1551362316.8545597
1551362340.06089
1551362352.613953
1551362358.6043453
1551362416.274929
1551362427.6325138
1551362433.487082
1551362494.2517266
1551362522.9263327
1551362526.2540934
1551362533.6128705
1551362554.3658879
1551362573.4061494
1551362578.7490118
1551362595.0844088
1551362598.2845716
1551362636.0695808
1551362654.3901186
1551362701.407986
1551362703.5382907
1551362738.1931334
1551362748.619353
1551362767.1541216
1551362789.3884742
1551362802.4421933
1551362827.0849447
1551362840.1760383
1551362850.6739676
1551362858.6030133
1551362862.2825408
1551362882.030205
1551362929.7046444
1551362954.0399249
1551362954.1128335
1551362956.73275
1551362983.1786776
1551362997.7421
1551363018.038379
1551363048.1107311
1551363053.1652637
1551363116.8794687
1551363129.163949
1551363144.8363972
1551363160.9459934
1551363164.113588
1551363173.0840614
1551363209.5636299
1551363301.6479323
1551363333.6492083
1551363343.855507
1551363356.338627
1551363362.2096398
1551363373.3224418
1551363394.76959
1551363416.4465446
1551363461.1962187
1551363485.45535
1551363495.9632502
1551363509.4091773
1551363519.7752671
1551363530.206001
1551363566.9361653
1551363597.7133522
1551363623.880999
1551363665.4037774
1551363694.6866615
1551363731.4906967
1551363732.557421
1551363736.1836035
1551363799.588338
1551363828.847348
1551363857.0690706
1551363876.7192404
1551363906.50139
1551363916.173162
1551363962.000883
1551363965.425312
1551363980.8424933
1551363989.1361454
1551364014.225664
1551364032.5284626
1551364078.6361628
1551364079.4738395
1551364096.1112843
1551364115.1585088
1551364126.3026996
1551364126.9034345
1551364131.3400083
1551364136.4471128
1551364139.6636727
1551364154.8599076
1551364190.040849
1551364200.1518335
1551364230.754722
1551364272.3781807
1551364320.8445487
1551364331.089016
1551364358.6619253
1551364375.1560273
1551364421.7094262
1551364427.4075997
1551364440.560302
1551364445.1151907
1551364459.7215388
1551364506.5101423
1551364536.2667418
1551364548.582594
1551364577.7777245
1551364585.293239
1551364634.4498072
1551364640.5876164
1551364652.032967
1551364688.1192124
1551364720.804959
1551364837.1273036
1551364840.8467586
1551364875.42644
1551364912.4090176
1551364927.6387763
1551364974.2056673
1551365157.614452
1551365168.6562598
1551365196.5046573
1551365211.858318
1551365225.659053
1551365227.598473
1551365250.775786
1551365271.5692077
1551365286.8635218
1551365294.6671908
1551365329.809639
1551365354.992009
1551365408.5265753
1551365420.7144845
1551365428.5215306
1551365434.9494824
1551365438.9056413
1551365440.6659648
1551365443.3640137
1551365449.4867082
1551365451.0087457
1551365461.0325453
1551365473.0805986
1551365482.7630105
1551365485.1527855
1551365512.7705214
1551365527.215775
1551365561.6017563
1551365563.839219
1551365609.3954082
1551365640.2563534
1551365694.8335958
1551365714.2768226
1551365737.1804638
1551365762.44555
1551365769.825543
1551365813.9084902
1551365830.8927748
1551365846.2410269
1551365849.9062681
1551365850.4398134
1551365880.7530732
1551365881.0539443
1551365890.9323466
1551365980.5575132
1551366017.060738
1551366042.0051484
1551366107.964878
1551366131.0893383
1551366152.1941805
1551366161.325258
1551366190.244848
1551366204.6082873
1551366250.7974844
1551366269.0815291
1551366273.966732
1551366301.8346913
1551366311.5383828
1551366343.6432076
1551366380.1239052
1551366394.7849436
1551366409.4047806
1551366427.0551856
1551366485.9331272
1551366517.5622773
1551366537.9360368
1551366567.3086107
1551366584.9434147
1551366610.0320256
1551366621.0701427
1551366669.5652692
1551366688.7969368
1551366698.1099958
1551366701.8850276
1551366758.765383
1551366801.526372
1551366804.3633766
1551366815.32714
1551366836.0415156
1551366854.0330472
1551366869.3298864
1551366891.4853272
1551366919.5685437
1551366937.1993876
1551366940.2081835
1551366959.3945568
1551366960.4983516
1551366984.2166557
1551367021.4206603
1551367088.7454848
1551367156.8193524
1551367175.409741
1551367204.7173405
1551367229.3931706
1551367238.5207796
1551367256.4895325
1551367262.8988848
1551367289.047907
1551367321.1378465
1551367351.3980784
1551367356.4137356
1551367366.442194
1551367387.962892
1551367393.5521095
1551367408.1354764
1551367449.3283613
1551367509.581901
1551367519.6072416
1551367545.4713216
1551367618.1862605
1551367639.527066
1551367674.1217675
1551367682.9898639
1551367721.067973
1551367726.990335
1551367737.0183268
1551367808.4621363
1551367824.2322345
1551367887.240494
1551367900.0122757
1551367934.1274867
1551367946.5111828
1551367974.905143
1551367978.392852
1551368037.3910925
1551368074.2867725
1551368095.006064
1551368147.4913082
1551368147.796019
1551368149.2029912
1551368162.701004
1551368172.7184703
1551368222.042734
1551368244.7545457
1551368257.2118185
1551368314.0344458
1551368317.8802633
1551368321.6414611
1551368335.738336
1551368345.3974857
1551368369.2421787
1551368386.2151628
1551368399.7886374
1551368406.2661784
1551368413.2308958
1551368414.8466947
1551368424.8719127
1551368436.443097
1551368447.6641192
1551368465.4223294
1551368477.568255
1551368526.691301
1551368572.9675095
1551368606.064304
1551368623.3319585
1551368644.871464
1551368783.3124096
1551368801.1672792
1551368830.5723648
1551368875.8576717
1551368893.010821
1551368925.2462966
1551368927.7004023
1551368946.930902
1551368947.034022
1551368959.1461496
1551369008.0478
1551369021.3205397
1551369053.6399958
1551369055.423896
1551369110.979736
1551369121.2443786
1551369135.7023418
1551369160.5243313
1551369218.5777774
1551369224.293716
1551369238.1326668
1551369253.7582428
1551369260.1842473
1551369268.8960295
1551369278.9214256
1551369312.5713906
1551369319.5309365
1551369329.4741673
1551369368.4289412
1551369377.165812
1551369417.9072077
1551369430.3873863
1551369430.4406946
1551369432.2785594
1551369446.4237328
1551369469.724785
1551369574.9905975
1551369583.501693
1551369612.7190034
1551369674.6053343
1551369680.4431717
1551369693.7215278
1551369696.9401324
1551369793.162932
1551369799.6971297
1551369819.8041177
1551369819.9157174
1551369860.0412748
1551369860.568799
1551369869.3564086
1551369892.4707205
1551369925.7311852
1551369974.494978
1551369984.0403047
1551370027.8339446
1551370036.4677532
1551370039.2569566
1551370064.4945867
1551370091.7938812
1551370114.7296581
1551370156.3640885
1551370181.8792315
1551370190.199773
1551370209.2654834
1551370233.4822047
1551370252.1375203
1551370262.160861
1551370323.376632
1551370331.0242708
1551370371.6298294
1551370390.9159267
1551370429.98396
1551370478.289833
1551370497.8155744
1551370505.0797167
1551370508.2697086
1551370576.111101
1551370581.9651973
1551370611.2159438
1551370621.2439787
1551370644.3585436
1551370684.112377
1551370726.8580127
1551370728.8559613
1551370767.951408
1551370791.37535
1551370811.7280698
1551370822.668168
1551370848.9355357
1551370857.8079484
1551370873.0058866
1551370897.5311096
1551370929.8154542
1551371003.022568
1551371007.0857823
1551371008.2050915
1551371025.2992985
1551371084.7599971
1551371154.416474
1551371184.9450698
1551371187.253646
1551371199.3116732
1551371206.6854544
1551371223.4839613
1551371239.1493425
1551371283.797663
1551371313.0694256
1551371504.0437665
1551371525.1533318
1551371566.191523
1551371621.3201766
1551371633.3053904
1551371666.0464578
1551371697.158656
1551371712.8800778
1551371730.4378078
1551371771.6599462
1551371794.7670734
1551371831.786825
1551371831.8593464
1551371833.2942078
1551371857.2320976
1551371867.2562685
1551371867.3224986
1551371899.4169943
1551371910.1991506
1551371956.0666378
1551372019.0812147
1551372031.7213993
1551372045.9653757
1551372049.1650422
1551372067.3434956
1551372086.0627737
1551372096.0837724
1551372112.1114132
1551372115.0003371
1551372121.962482
1551372136.1520245
1551372153.244034
1551372158.9212692
1551372161.64054
1551372177.6439946
1551372208.854816
1551372231.8010085
1551372241.8212187
1551372251.8398051
1551372264.7709527
1551372326.7643595
1551372331.735504
1551372334.6008775
1551372341.5573351
1551372373.4837904
1551372431.3249893
1551372524.6130052
1551372580.399387
1551372594.8321414
1551372595.1272173
1551372615.1634257
1551372624.3098626
1551372659.4837909
1551372665.29564
1551372693.5777194
1551372701.1851377
1551372707.3255596
1551372712.5449944
1551372741.4224777
1551372752.3722978
1551372758.6810596
1551372774.747733
1551372779.1711435
1551372787.570415
1551372796.2975643
1551372831.7946126
1551372856.3481548
1551372871.2826102
1551372878.925394
1551372919.089131
1551372931.1277452
1551372965.3108952
1551372993.7403686
1551373006.1960945
1551373016.222951
1551373112.658973
1551373112.7287612
1551373139.563468
1551373180.0472503
1551373185.1659243
1551373206.130525
1551373206.7474997
1551373230.2992818
1551373273.3217876
1551373291.4032977
1551373301.4307709
1551373321.561425
1551373344.2885861
1551373355.0831873
1551373378.7480524
1551373390.8335114
1551373420.6175284
1551373444.2086778
1551373459.3447201
1551373509.1346858
1551373516.1386216
1551373537.0702596
1551373547.0911508
1551373582.2604103
1551373642.275759
1551373643.6425667
1551373671.6969798
1551373700.27167
1551373703.4825888
1551373909.0993223
1551373920.1233952
1551373939.4088142
1551373941.887338
1551373949.194898
1551373954.8423293
1551373997.6444817
1551374069.9651244
1551374070.0331962
1551374088.6019742
1551374095.003361
1551374135.2764003
1551374144.0863614
1551374153.3266044
1551374170.4456327
1551374189.4002848
1551374203.062846
1551374206.1315093
1551374259.8185396
1551374260.9201548
1551374272.6538353
1551374298.6631916
1551374307.6275187
1551374326.1246567
1551374353.54957
1551374381.4857516
1551374384.442718
1551374395.1621253
1551374401.4781737
1551374436.76003
1551374436.8106446
1551374471.9570518
1551374497.2603357
1551374511.8783813
1551374527.08655
1551374556.3966112
1551374558.5645514
1551374583.3096082
1551374593.3339357
1551374611.4835851
1551374636.4562778
1551374674.575042
1551374688.602627
1551374730.5245755
1551374761.8046389
1551374765.8037736
1551374783.49335
1551374902.252508
1551374937.775336
1551375005.0094984
1551375021.8848412
1551375037.1029794
1551375043.4150128
1551375060.9294896
1551375069.9583137
1551375096.754493
1551375108.7507322
1551375125.009622
1551375147.5531907
1551375152.7417195
1551375170.9888914
1551375201.9356997
1551375249.2897472
1551375265.1576688
1551375339.0049756
1551375349.0921178
1551375439.2115571
1551375451.3340452
1551375493.003597
1551375531.6435444
1551375546.7942054
1551375586.0357144
1551375597.0697744
1551375607.0921624
1551375653.5179377
1551375660.2864974
1551375708.3189926
1551375715.4103146
1551375719.0556989
1551375745.0026963
1551375769.0408573
1551375779.0650613
1551375821.385439
1551375886.7032654
1551375901.0948815
1551375917.2295296
1551375919.6424623
1551375937.724208
1551375967.7190356
1551376003.3869195
1551376033.4751368
1551376064.0161107
1551376076.109411
1551376092.037878
1551376140.445163
1551376154.7581964
1551376166.9124436
1551376219.0986063
1551376247.9673297
1551376252.2924707
1551376276.1239526
1551376301.127786
1551376312.178097
1551376344.918962
1551376347.7058232
1551376374.909942
1551376411.2438726
1551376425.3187625
1551376432.4339786
1551376467.7931316
1551376483.4834669
1551376491.3185868
1551376511.4830744
1551376537.7631621
1551376547.7879198
1551376566.3463187
1551376617.799508
1551376623.9209073
1551376631.6780276
1551376644.212385
1551376668.1128936
1551376669.1636226
1551376685.404868
1551376735.003009
1551376744.205582
1551376777.23051
1551376826.8413043
1551376827.9658852
1551376843.9437807
1551376854.4763505
1551376857.394193
1551376893.3905187
1551376915.8036394
1551376941.0674696
1551376954.0308948
1551376963.7250288
1551376967.0810833
1551377001.153448
1551377014.2818818
1551377020.383399
1551377046.8981388
1551377087.9423225
1551377113.8095574
1551377131.3111985
1551377147.096252
1551377199.9424758
1551377280.2414038
1551377298.0615396
1551377303.3191748
1551377304.8465073
1551377307.1525156
1551377326.012524
1551377362.041929
1551377362.1077423
1551377394.767724
1551377410.9688077
1551377520.062364
1551377562.59301
1551377573.3856454
1551377577.085391
1551377581.2682283
1551377590.516976
1551377607.5701272
1551377648.359046
1551377654.045102
1551377678.033347
1551377732.6829684
1551377741.1692102
1551377751.7603786
1551377757.071895
1551377779.246304
1551377800.2035913
1551377873.7252672
1551377881.8706386
1551377889.888339
1551377895.0862658
1551377916.781044
1551377930.6728861
1551377951.5641258
1551377962.0536196
1551377985.937294
1551377985.9836583
1551378014.4489434
1551378096.8904557
1551378102.6039495
1551378136.6700926
1551378149.4796598
1551378165.5643191
1551378253.6296973
1551378264.6392589
1551378279.1006348
1551378336.920698
1551378363.5550156
1551378390.684704
1551378394.3842652
1551378405.4208612
1551378503.6359444
1551378526.7643156
1551378552.4345677
1551378570.3600545
1551378594.9335318
1551378599.3997087
1551378605.8836577
1551378605.9370644
1551378621.9704752
1551378672.8821208
1551378699.7589488
1551378746.048161
1551378822.2031312
1551378828.683769
1551378880.0444953
1551378931.149422
1551378933.9717023
1551378947.3298213
1551378960.0613117
1551378991.7380981
1551378993.8732944
1551379017.9368985
1551379019.9777462
1551379030.006421
1551379034.2563167
1551379046.6672165
1551379060.7194858
1551379154.797549
1551379215.78513
1551379236.771426
1551379267.6938848
1551379277.5400803
1551379294.9196622
1551379299.319702
1551379315.6954613
1551379331.5622385
1551379359.6347198
1551379369.8300555
1551379392.3326392
1551379402.3568347
1551379406.3896627
1551379451.1382856
1551379479.2489045
1551379508.1213055
1551379567.4094107
1551379594.3786712
1551379640.0528023
1551379644.524233
1551379654.543744
1551379688.1319122
1551379750.5253286
1551379752.4036345
1551379765.1066854
1551379780.9099452
1551379809.458061
1551379866.7524824
1551379886.2533076
1551379922.03645
1551379947.1651635
1551379963.6953735
1551379969.225817
1551379981.2919602
1551380034.362536
1551380066.6700337
1551380066.723325
1551380068.4459445
1551380117.3369641
1551380185.3911653
1551380203.2361784
1551380217.6406462
1551380226.7969267
1551380231.8184302
1551380237.4267287
1551380279.806836
1551380281.16613
1551380316.2853823
1551380337.388108
1551380345.7135487
1551380346.5226047
1551380375.4690924
1551380411.1511664
1551380485.0756238
1551380510.623087
1551380529.61864
1551380555.3508055
1551380578.0294201
1551380584.281267
1551380612.547335
1551380626.4122212
1551380681.083515
1551380685.171895
1551380692.8172562
1551380699.0125356
1551380726.1835454
1551380734.7689734
1551380766.7235622
1551380817.9323065
1551380856.089403
1551380864.8178518
1551380905.6473694
1551380911.599593
1551380961.400575
1551380963.9795232
1551380991.088235
1551381063.240888
1551381087.8596394
1551381113.4580853
1551381114.5208733
1551381140.8405743
1551381177.0772731
1551381203.8832138
1551381209.2285473
1551381231.5393038
1551381277.6453347
1551381290.6993136
1551381341.923595
1551381455.3782701
1551381467.4898596
1551381475.9618456
1551381485.72164
1551381507.814224
1551381509.9345698
1551381509.9823544
1551381543.5643177
1551381553.9354374
1551381573.1381357
1551381586.8946025
1551381601.097518
1551381601.5990562
1551381643.323691
