1552749117.404646
1552749164.7042792
1552749170.0643861
1552749180.814561
1552749214.5433152
1552749220.4835207
1552749225.8028655
1552749254.361858
1552749313.9096422
1552749333.393543
1552749360.3574374
1552749371.9778633
1552749389.381734
1552749398.0784202
1552749411.8844378
1552749452.768928
1552749466.5657241
1552749542.1947973
1552749545.8733928
1552749597.423932
1552749614.8283854
1552749665.6616216
1552749765.74963
1552749853.458473
1552749867.966398
1552749909.3591778
1552749925.9611237
1552749939.1980853
1552749994.275732
1552750009.5379245
1552750011.9651322
1552750046.7130466
1552750091.0461586
1552750136.9619489
1552750187.079899
1552750224.23302
1552750250.0274382
1552750260.1478024
1552750281.0984185
1552750283.6707637
1552750299.28052
1552750317.8039784
1552750322.638546
1552750376.0308738
1552750410.0057523
1552750438.7944314
1552750522.8281555
1552750570.4732227
1552750644.0718846
1552750684.765333
1552750733.1036875
1552750760.3711617
1552750777.1029701
1552750803.3636382
1552750825.697205
1552750831.048201
1552750850.1265032
1552750896.6004162
1552750940.6150594
1552750961.6164281
1552751053.3083916
1552751058.0243459
1552751067.962624
1552751146.077129
1552751147.5795078
1552751151.8279347
1552751161.810663
1552751173.2478697
1552751193.2055
1552751218.490958
1552751228.3314047
1552751274.8323784
1552751295.4127584
1552751309.5010593
1552751320.8154294
1552751360.8554974
1552751378.9275186
1552751394.392091
1552751424.6889203
1552751426.3092647
1552751435.868474
1552751457.1670651
1552751478.7312248
1552751500.0395982
1552751545.3968213
1552751653.3012543
1552751671.9965713
1552751715.855028
1552751720.9194968
1552751743.27093
1552751789.124012
1552751817.4340382
1552751822.5316439
1552751912.0250854
1552751953.2938077
1552751986.479325
1552751994.6256373
1552752039.0612364
1552752054.9538474
1552752056.6330693
1552752094.6069713
1552752109.2794168
1552752113.6002028
1552752128.4996073
1552752255.138824
1552752337.7980926
1552752349.7278972
1552752371.649915
1552752390.8714724
1552752470.0693154
1552752539.5558214
1552752541.1700633
1552752564.6737182
1552752600.8341131
1552752635.6787786
1552752644.7183292
1552752733.6372213
1552752754.8243768
1552752814.8761554
1552752825.0447593
1552752862.5573843
1552752892.905317
1552753010.5012548
1552753012.0594397
1552753039.3228502
1552753078.6817896
1552753083.0570204
1552753089.1051407
1552753185.9728117
1552753230.3486383
1552753248.1145053
1552753280.6711068
1552753337.8948627
1552753371.9375753
1552753460.0771267
1552753549.10766
1552753585.6727033
1552753592.4036143
1552753656.0119443
1552753741.4127347
1552753779.1327305
1552753804.9449112
1552753813.4333856
1552753818.5880256
1552753837.6245754
1552753847.736406
1552753873.381461
1552753875.9423633
1552753899.8575344
1552753906.0739307
1552753909.5104778
1552753954.6099753
1552753978.021995
1552754091.9412773
1552754114.2970178
1552754148.4866414
1552754193.700356
1552754204.6133163
1552754226.329201
1552754303.459131
1552754347.3551846
1552754410.025669
1552754426.0474734
1552754427.6310096
1552754490.5412366
1552754493.0762773
1552754494.5765567
1552754524.262149
1552754556.4380414
1552754595.9152405
1552754630.1164198
1552754679.3104935
1552754729.2507443
1552754767.2135854
1552754774.7757416
1552754803.3902092
1552754811.3742354
1552754884.5431461
1552754888.3872056
1552754900.3265426
1552754924.9508746
1552754933.7440922
1552754935.3349066
1552754937.1606815
1552754960.2985141
1552755000.3450356
1552755014.9733205
1552755051.6925743
1552755085.86671
1552755099.4382691
1552755183.8739042
1552755188.3040571
1552755228.4502513
1552755292.7354372
1552755308.1082137
1552755341.643166
1552755352.6224167
1552755363.3269963
1552755379.33599
1552755394.0999296
1552755398.5000153
1552755438.8317206
1552755449.4594412
1552755504.8535373
1552755528.2344918
1552755543.0136135
1552755555.869728
1552755579.2893283
1552755583.6853476
1552755612.0277956
1552755639.8397865
1552755680.4738276
1552755728.4506817
1552755731.0718846
1552755758.3156288
1552755882.0838652
1552755920.0300791
1552755968.2672265
1552756021.230841
1552756067.6893852
1552756081.7063742
1552756087.8063765
1552756137.171613
1552756149.1411064
1552756161.3298342
1552756176.2698193
1552756178.8446813
1552756190.1455414
1552756195.4925234
1552756207.4785361
1552756251.8120801
1552756276.2880855
1552756294.399771
1552756299.2348409
1552756410.361673
1552756467.356537
1552756527.3516796
1552756558.411681
1552756564.6179533
1552756574.903471
1552756577.5077913
1552756588.2548082
1552756675.8268244
1552756726.028223
1552756808.4987664
1552756814.0002315
1552756819.289796
1552756879.8472133
1552756882.414303
1552756883.847759
1552756894.6040528
1552756964.806601
1552756967.5135477
1552756988.1751342
1552757014.4494822
1552757063.094014
1552757100.5944955
1552757124.8781898
1552757126.650549
1552757145.7937376
1552757170.9814727
1552757224.8057537
1552757230.386013
1552757309.3755846
1552757340.0847592
1552757342.1799467
1552757438.530286
1552757472.916978
1552757523.7729943
1552757525.3934426
1552757528.0657122
1552757568.2982109
1552757581.702146
1552757624.834682
1552757635.720174
1552757646.4416614
1552757653.1972098
1552757697.6613452
1552757702.400122
1552757733.8068259
1552757754.8818982
1552757771.0443368
1552757800.389798
1552757806.6799762
1552757847.5025363
1552757881.9557772
1552757941.9925463
1552757958.1956537
1552757968.943452
1552757995.3404713
1552758064.9282951
1552758082.5551596
1552758090.6766891
1552758119.2055857
1552758124.8015814
1552758158.8780873
1552758172.6059778
1552758276.4620109
1552758351.6358135
1552758354.2839766
1552758416.1017373
1552758433.2419116
1552758438.792136
1552758440.44975
1552758444.68175
1552758493.1637082
1552758513.7834284
1552758527.461251
1552758580.8354256
1552758606.2488463
1552758621.9239063
1552758645.0712054
1552758676.8092456
1552758816.440261
1552758818.084257
1552758831.7248094
1552758876.6502683
1552758881.1161034
1552758896.817967
1552758937.5973976
1552758955.1644876
1552758992.169133
1552759042.1648483
1552759086.3825533
1552759088.1415637
1552759123.6545205
1552759144.8563707
1552759175.687548
1552759177.4765408
1552759181.769727
1552759202.193229
1552759215.7221334
1552759217.4116273
1552759266.0508103
1552759300.1566312
1552759311.9982445
1552759324.0488887
1552759325.619112
1552759342.5384707
1552759373.5312378
1552759401.9691055
1552759424.0451393
1552759468.829201
1552759487.0129154
1552759512.1201549
1552759571.6654272
1552759596.8839564
1552759634.8277533
1552759643.8929248
1552759670.6950283
1552759679.9684243
1552759690.8185546
1552759717.6550105
1552759729.5763805
1552759743.7850802
1552759768.4573474
1552759770.0151913
1552759784.075123
1552759908.287957
1552759919.0114758
1552759921.4595232
1552759938.2269752
1552759956.1775954
1552760086.983451
1552760091.203662
1552760183.8429196
1552760186.6881084
1552760188.5408866
1552760217.436662
1552760225.5409646
1552760275.6647491
1552760367.0851412
1552760385.5893402
1552760416.361342
1552760463.3388371
1552760464.9957676
1552760481.5376742
1552760542.7811923
1552760594.0701895
1552760626.9202604
1552760635.0674877
1552760674.8405786
1552760695.640621
1552760719.7290325
1552760767.3252525
1552760783.6339102
1552760798.8560917
1552760883.2426279
1552760910.451203
1552760937.5953734
1552760989.375737
1552760991.0236757
1552761016.774319
1552761078.433262
1552761086.9608712
1552761094.9796612
1552761119.3998985
1552761171.259151
1552761176.2904627
1552761190.3719378
1552761207.4760075
1552761218.027701
1552761257.0415037
1552761331.8653429
1552761340.53942
1552761347.082822
1552761368.840301
1552761455.3834798
1552761497.7902727
1552761512.5678403
1552761527.4975967
1552761556.259379
1552761557.7515953
1552761591.6836336
1552761690.6084745
1552761692.1491523
1552761816.3308592
1552761838.010021
1552761856.2619398
1552761880.6709137
1552761891.5623353
1552761946.7401319
1552761958.5372093
1552762007.0447116
1552762015.779225
1552762021.3448951
1552762047.241387
1552762061.4892998
1552762120.2105505
1552762124.4055324
1552762151.3972833
1552762185.9308312
1552762209.3053017
1552762223.5763261
1552762295.9016995
1552762306.055011
1552762320.9819005
1552762337.2932525
1552762385.5324595
1552762406.9067042
1552762431.2096434
1552762482.4658973
1552762551.504457
1552762567.1475687
1552762614.0860877
1552762619.6789458
1552762621.3824751
1552762668.2204719
1552762677.7446234
1552762719.5516148
1552762829.6588285
1552762849.9771388
1552762914.612178
1552763028.7179291
1552763030.1807437
1552763041.227987
1552763128.8781893
1552763130.6361325
1552763148.8089397
1552763167.4601622
1552763178.6681185
1552763194.2590282
1552763201.0359745
1552763204.9514518
1552763209.3311522
1552763239.934688
1552763249.394609
1552763295.3435166
1552763314.1078653
1552763321.1633542
1552763419.9984622
1552763457.1193438
1552763504.2284405
1552763519.5914183
1552763533.2176034
1552763535.7703865
1552763540.0792842
1552763541.77295
1552763553.8449278
1552763601.2342103
1552763634.9807863
1552763678.295414
1552763691.4982443
1552763705.8401446
1552763761.768846
1552763785.2212315
1552763804.269941
1552763811.632984
1552763835.614208
1552763854.140627
1552763895.490569
1552763897.1650596
1552763911.47204
1552763963.123243
1552764026.4601698
1552764032.7120533
1552764043.344958
1552764144.3268979
1552764156.2897406
1552764172.3584654
1552764175.566412
1552764187.6928558
1552764259.358835
1552764276.5615873
1552764291.0420988
1552764349.751616
1552764357.4129703
1552764398.5826373
1552764403.8616674
1552764461.7503994
1552764467.4341295
1552764472.835659
1552764503.698297
1552764535.8046875
1552764562.4771206
1552764585.0894752
1552764594.9032872
1552764601.7517478
1552764654.6497393
1552764686.7091603
1552764688.369574
1552764709.8650084
1552764711.5842283
1552764713.1948729
1552764810.8113334
1552764838.247906
1552764852.0981178
1552764857.4472876
1552764927.1312807
1552764960.434125
1552764961.9447343
1552765034.7507749
1552765041.9899533
1552765053.8359864
1552765057.904021
1552765065.6963065
1552765114.0799918
1552765123.799223
1552765145.6614907
1552765248.1843007
1552765260.4329195
1552765262.0852206
1552765267.5002449
1552765284.048246
1552765294.8699293
1552765354.1675398
1552765404.1672225
1552765420.9798665
1552765424.618676
1552765453.1026049
1552765488.6431746
1552765495.19696
1552765506.0404718
1552765518.894668
1552765581.1330154
1552765582.9942956
1552765635.348834
1552765651.007433
1552765677.0008402
1552765719.5500016
1552765762.4544263
1552765777.8737082
1552765789.624229
1552765803.2646666
1552765892.5856993
1552765894.1401138
1552765908.0682888
1552765948.7613192
1552765954.1664202
1552766011.7957973
1552766061.8153803
1552766095.6837738
1552766102.674833
1552766127.2785857
1552766151.685737
1552766172.3904183
1552766174.2011251
1552766194.1979122
1552766195.9777153
1552766200.4404483
1552766241.1782331
1552766251.5773327
1552766275.4452534
1552766285.4472501
1552766356.5619085
1552766380.9897103
1552766394.25175
1552766405.9952812
1552766417.6286917
1552766472.6597707
1552766479.1026845
1552766481.5911064
1552766500.1320283
1552766508.643706
1552766520.3716478
1552766560.6598024
1552766578.1745358
1552766593.2642264
1552766640.8394907
1552766647.424352
1552766690.0741317
1552766692.7017014
1552766760.5041294
1552766783.0650394
1552766892.9362204
1552766911.6590288
1552766942.610705
1552766952.5054286
1552766977.3588054
1552766983.8141813
1552766990.631841
1552767010.1256156
1552767023.1116068
1552767025.999256
1552767048.0653539
1552767057.0867276
1552767061.5130656
1552767070.079749
1552767127.975136
1552767250.3494313
1552767277.9747045
1552767340.8170528
1552767380.325527
1552767404.1357255
1552767426.2882762
1552767448.0950823
1552767491.6742618
1552767499.8665512
1552767501.2333925
1552767505.539247
1552767571.698584
1552767577.128916
1552767670.4531288
1552767675.667718
1552767687.2997394
1552767706.755386
1552767708.356427
1552767776.8052454
1552767781.2119038
1552767793.1590846
1552767849.674769
1552767927.7119904
1552767986.1208296
1552767993.732383
1552768016.571495
1552768034.4693153
1552768101.4493434
1552768128.8103023
1552768137.1917663
1552768176.9645474
1552768181.3050902
1552768196.2277281
1552768240.7503376
1552768383.2877023
1552768412.3348048
1552768424.6201148
1552768438.4001071
1552768491.4488115
1552768503.3514516
1552768537.927654
1552768665.621708
1552768696.735938
1552768732.8282166
1552768751.1864104
1552768795.1127121
1552768797.5083702
1552768839.3490238
1552768858.13977
1552768923.9037926
1552769034.7728248
1552769053.1150272
1552769059.2335927
1552769063.4150484
1552769098.0161276
1552769121.8357224
1552769126.4282265
1552769129.186093
1552769140.6360781
1552769161.6206129
1552769302.2927232
1552769303.8615737
1552769324.559674
1552769352.1684334
1552769383.103034
1552769405.0954409
1552769427.8813984
1552769441.5405576
1552769475.324427
1552769553.3418093
1552769573.103505
1552769632.0601146
1552769639.402309
1552769653.871079
1552769675.100187
1552769689.516456
1552769709.798673
1552769752.115457
1552769807.8056467
1552769824.9808528
1552769845.8295083
1552769875.575266
1552769926.015869
1552769930.095172
1552769983.1193917
1552770023.1615772
1552770058.2633922
1552770072.2527323
1552770083.5292118
1552770106.0961525
1552770150.9838495
1552770268.238844
1552770375.7550042
1552770390.274233
1552770394.8023467
1552770419.62289
1552770422.212261
1552770522.0598602
1552770538.1285453
1552770616.3556907
1552770640.1693232
1552770650.9334736
1552770712.2562397
1552770789.1185114
1552770846.388893
1552770880.356202
1552770949.270289
1552771113.8231556
1552771129.1287076
1552771224.0197768
1552771231.1141527
1552771249.5182097
1552771329.7685382
1552771360.8336697
1552771378.9249215
1552771399.6702938
1552771424.2617068
1552771428.7883337
1552771464.11432
1552771522.1563623
1552771536.6669521
1552771542.0559616
1552771579.436819
1552771624.881977
1552771644.7698364
1552771713.0925393
1552771743.547401
1552771749.0158322
1552771761.3996797
1552771799.5833044
1552771801.1428282
1552771846.4296305
1552771863.498023
1552771912.6595945
1552771924.130443
1552771925.6140137
1552771972.6111083
1552772016.3046498
1552772028.8261101
1552772040.3220155
1552772101.6145587
1552772200.779109
1552772245.5331318
1552772247.978142
1552772261.2774088
1552772289.6905603
1552772356.916569
1552772447.7438812
1552772565.5451908
1552772567.0334885
1552772588.7946153
1552772601.6504896
1552772621.8416467
1552772662.9510503
1552772701.55793
1552772719.372904
1552772728.608661
1552772771.170901
1552772818.3957512
1552772843.3671045
1552772869.7004628
1552772889.1316047
1552772912.9204495
1552772921.0754294
1552773006.7862804
1552773008.3516939
1552773092.3995092
1552773152.3700514
1552773185.743234
1552773237.185356
1552773247.8491962
1552773253.0356054
1552773283.3041694
1552773295.7043695
1552773328.382705
1552773329.8972824
1552773340.4110801
1552773363.5256395
1552773441.441969
1552773521.2463126
1552773531.5367093
1552773545.2234702
1552773567.3586547
1552773612.1251926
1552773625.3504038
1552773630.3531318
1552773632.1969514
1552773649.8928277
1552773704.7885678
1552773726.2239218
1552773741.5827062
1552773777.0730402
1552773817.2242105
1552773824.2722142
1552773844.9919465
1552773865.029931
1552773899.8981729
1552773901.5533426
1552773912.3414407
1552773970.2989028
1552774017.256795
1552774033.6001494
1552774036.1588547
1552774144.6138086
1552774159.9756937
1552774167.4474864
1552774186.017529
1552774219.360162
1552774220.957593
1552774228.4594212
1552774243.544741
1552774268.6312435
1552774354.6474984
1552774373.583334
1552774387.5337923
1552774402.273502
1552774478.6768768
1552774531.7953174
1552774567.8008008
1552774574.4322202
1552774585.3894932
1552774596.0457625
1552774601.2429128
1552774620.524831
1552774628.5620925
1552774642.1321337
1552774662.3018289
1552774682.0673485
1552774706.5425255
1552774714.5163639
1552774718.995425
1552774736.0670428
1552774754.5433767
1552774774.2558334
1552774783.3709116
1552774794.2564983
1552774830.2669063
1552774859.5095527
1552774903.6499104
1552774918.0065398
1552775004.4728837
1552775019.210543
1552775020.6661482
1552775038.6901968
1552775058.7572157
1552775087.655212
1552775151.803976
1552775193.605792
1552775209.9448094
1552775295.8627594
1552775320.2070348
1552775322.7194486
1552775327.9507802
1552775342.6300235
1552775356.1126208
1552775359.7951279
1552775386.7941434
1552775395.7521424
1552775450.526759
1552775479.063806
1552775515.4473343
1552775538.3975773
1552775586.526217
1552775675.6254928
1552775691.8702836
1552775732.526031
1552775737.8514218
1552775754.5263057
1552775765.1895976
1552775886.4783325
1552775888.787444
1552775993.6747074
1552776042.8997407
1552776049.8881266
1552776068.0460398
1552776075.4770129
1552776078.7194455
1552776084.1965683
1552776117.7712617
1552776157.517803
1552776209.155063
1552776236.9929295
1552776266.578069
1552776276.3926
1552776301.4028468
1552776369.4826653
1552776391.1242087
1552776445.7104666
1552776511.9268665
1552776544.4695098
1552776601.25675
1552776618.8496096
1552776632.4661305
1552776685.7082326
1552776724.0987868
1552776764.339758
1552776795.9983604
1552776812.3880644
1552776848.9680645
1552776903.7153113
1552776961.3003066
1552776979.607771
1552777033.4287455
1552777060.2524374
1552777081.897192
1552777143.3521519
1552777156.9730194
1552777213.1630032
1552777217.4387207
1552777246.798908
1552777308.0427315
1552777328.4600935
1552777451.3844028
1552777468.1312294
1552777475.5370266
1552777515.694393
1552777612.2253616
1552777673.7889223
1552777705.8950715
1552777741.601634
1552777767.4941385
1552777768.9038162
1552777774.50671
1552777815.5301557
1552777822.5233061
1552777937.2427137
1552777959.530224
1552777997.3111765
1552778010.1765308
1552778016.0964293
1552778020.6660428
1552778027.1392703
1552778111.7794871
1552778119.1168163
1552778153.0308046
1552778175.2463682
1552778230.2551491
1552778242.8576093
1552778244.5218637
1552778268.5174186
1552778305.011679
1552778342.5083163
1552778344.1435418
1552778391.228937
1552778567.127237
1552778569.878129
1552778571.555802
1552778587.4180477
1552778610.397151
1552778626.535845
1552778648.920595
1552778684.2819552
1552778700.0080361
1552778710.8721063
1552778764.6024404
1552778775.4721303
1552778802.8738375
1552778828.06396
1552778838.6598825
1552778926.1786366
1552778927.926446
1552779001.0009117
1552779050.9851813
1552779060.8456502
1552779078.1379538
1552779083.4633172
1552779109.1691427
1552779203.8088968
1552779276.7315412
1552779285.6194093
1552779307.6945295
1552779332.0169115
1552779375.6526952
1552779411.787849
1552779424.733846
1552779461.6556146
1552779472.4306118
1552779485.8940933
1552779522.522734
1552779555.636466
1552779557.0665457
1552779649.4036088
1552779676.832579
1552779684.5845582
1552779695.8410943
1552779702.6876137
1552779722.0222447
1552779761.141796
1552779834.7141502
1552779836.3199055
1552779837.7735221
1552779846.3022404
1552779848.0963395
1552779873.1691923
1552779889.426306
1552779920.237194
1552779930.4409842
1552779945.4094212
1552780030.3597448
1552780103.115968
1552780160.464968
1552780251.8582444
1552780292.3314257
1552780369.6740227
1552780388.645582
1552780414.4383535
1552780427.9689953
1552780429.6932545
1552780431.2864702
1552780479.2693686
1552780522.8299763
1552780546.7741978
1552780554.492453
1552780595.8415112
1552780619.809584
1552780624.9098206
1552780716.0024493
1552780736.217506
1552780740.5449383
1552780742.3085852
1552780750.4437146
1552780766.9630685
1552780798.5556002
1552780801.1249905
1552780834.9060638
1552780950.0270166
1552780994.3264592
1552781012.3197734
1552781013.976656
1552781019.402523
1552781027.0690594
1552781029.7823818
1552781064.924695
1552781137.7332382
1552781144.493575
1552781156.9804962
1552781195.8543518
1552781233.751937
1552781235.448877
1552781287.0867972
1552781288.5496578
1552781306.268315
1552781319.5687366
1552781347.6586294
1552781414.1829817
1552781480.7130942
1552781485.7518065
1552781495.6864953
1552781629.3893106
1552781704.7613194
1552781722.093542
1552781749.5960963
1552781772.9696662
1552781780.730301
1552781821.4775734
1552781845.2189486
1552781849.3361325
1552781854.6706886
1552781869.9396207
1552781905.2910407
1552781935.6484947
1552781970.8873658
1552781988.2968445
1552781990.023317
1552781992.5722537
1552782018.0336032
1552782025.0618193
1552782047.1775093
1552782074.5602994
1552782168.8207688
1552782182.5121272
1552782198.3014069
1552782200.074311
1552782222.2279916
1552782288.4202168
1552782306.4705863
1552782334.401053
1552782358.3734078
1552782361.088727
1552782392.2720478
1552782397.175813
1552782435.4874105
1552782456.1523073
1552782533.2268958
1552782540.2777405
1552782545.73419
1552782555.515932
1552782579.703264
1552782606.0479653
1552782631.1964393
1552782639.5894074
1552782686.93914
1552782713.5802853
1552782729.7293994
1552782754.2160892
1552782832.3972423
1552782840.515805
1552782900.0103962
1552782941.555884
1552782959.5604913
1552782975.1960547
1552782997.1126363
1552783007.8455446
1552783020.198198
1552783032.6084733
1552783048.817244
1552783050.4325664
1552783100.9822598
1552783103.6658208
1552783123.3514585
1552783138.5736356
1552783153.8831997
1552783205.4056432
1552783210.978549
1552783212.6578171
1552783224.4458368
1552783251.6247327
1552783283.2370644
1552783298.7018104
1552783341.7132115
1552783390.9498413
1552783396.2283907
1552783450.5394027
1552783463.0814137
1552783467.0134902
1552783489.2049763
1552783534.232423
1552783575.6990721
1552783580.7170253
1552783652.6506324
1552783654.10294
1552783717.6047356
1552783807.001547
1552783850.6511614
1552783876.6674497
1552783903.8640037
1552783940.573388
1552783986.078178
1552784063.391109
1552784083.7353857
1552784099.096825
1552784110.2803895
1552784133.0097125
1552784157.5745213
1552784177.850783
1552784190.7158976
1552784239.8409123
1552784253.674561
1552784283.5253265
1552784289.2436604
1552784299.9858441
1552784352.883686
1552784359.0448549
1552784374.4251752
1552784404.4161677
1552784415.4873846
1552784417.1188157
1552784428.4663336
1552784490.0535297
1552784536.7586968
1552784539.2812226
1552784560.7979987
1552784562.4569066
1552784581.7589936
1552784596.8736
1552784687.1711085
1552784709.9684966
1552784719.869097
1552784726.2764654
1552784744.4585671
1552784750.8793974
1552784779.3730798
1552784790.8361099
1552784840.463741
1552784842.1664457
1552784943.5920823
1552784998.991932
1552785034.3852456
1552785093.6829267
1552785124.919846
1552785177.2481115
1552785270.1412432
1552785281.020683
1552785331.6514635
1552785333.3772743
1552785359.900173
1552785362.451089
1552785414.4195843
1552785441.8035145
1552785516.124198
1552785547.2506917
1552785548.6015153
1552785550.3204582
1552785576.0883186
1552785580.1697671
1552785645.3787403
1552785656.4028716
1552785669.5072129
1552785728.139086
1552785740.9177911
1552785782.7781715
1552785813.5688283
1552785863.766892
1552785884.530449
1552785886.93097
1552785900.3821378
1552786000.3889484
1552786021.6097589
1552786058.8758101
1552786077.950048
1552786090.3003674
1552786098.060169
1552786124.178558
1552786143.9592872
1552786163.9249306
1552786177.209404
1552786204.1191068
1552786209.4797707
1552786221.5848458
1552786294.3689327
1552786335.637592
1552786346.432383
1552786411.0320408
1552786443.6620233
1552786482.407569
1552786494.1250432
1552786497.925761
1552786523.0607522
1552786536.608091
1552786550.69708
1552786564.2470622
1552786592.6624215
1552786599.9599335
1552786601.5815158
1552786654.0999124
1552786672.8976915
1552786709.4028296
1552786729.7799435
1552786748.5310998
1552786767.8201146
1552786773.1441724
1552786826.575122
1552786865.0930805
1552786885.0649743
1552786911.7623534
1552786935.3263273
1552786937.138164
1552786963.006626
