1552529545.4504335
1552529547.9897575
1552529585.9844372
1552529622.2854085
1552529669.9826498
1552529701.1001418
1552529730.6003659
1552529752.7019525
1552529762.0660002
1552529806.1769464
1552529887.3442926
1552529888.8826532
1552529900.805957
1552529918.8007617
1552529953.5113516
1552529956.2027996
1552529977.6970549
1552530002.8671515
1552530038.634218
1552530061.257629
1552530101.562532
1552530113.8469088
1552530130.9784174
1552530146.8682032
1552530214.53834
1552530228.2460687
1552530249.0665781
1552530289.4421628
1552530311.2828624
1552530330.1257308
1552530353.288724
1552530384.0063357
1552530414.583458
1552530437.5187435
1552530448.744189
1552530476.8847098
1552530487.0850546
1552530507.60174
1552530530.569303
1552530573.677975
1552530580.3961992
1552530595.4393713
1552530620.4662838
1552530639.5789168
1552530724.3180766
1552530783.110042
1552530790.1457329
1552530835.4946294
1552530877.1765554
1552530910.2107687
1552530927.4073887
1552530927.814104
1552530950.5904934
1552530987.3219142
1552530988.7552874
1552531006.2123835
1552531028.0183098
1552531096.6344714
1552531113.0914416
1552531118.9418678
1552531146.2892745
1552531167.9068475
1552531172.414268
1552531200.1907241
1552531212.5953624
1552531247.47443
1552531249.3429031
1552531255.5688524
1552531293.0741558
1552531307.4309916
1552531310.43524
1552531351.6516094
1552531383.6699224
1552531392.2678564
1552531419.779912
1552531426.6517642
1552531441.1595428
1552531459.0775902
1552531481.0870047
1552531491.163865
1552531500.753962
1552531501.8545244
1552531524.6496153
1552531531.7669363
1552531543.0764582
1552531555.9942663
1552531599.511888
1552531607.1751642
1552531652.0542917
1552531671.4012358
1552531730.9154184
1552531743.8780913
1552531746.6927567
1552531754.6839457
1552531765.8848243
1552531802.8426826
1552531807.8588305
1552531812.7400396
1552531857.4357827
1552531875.5330338
1552531902.7654917
1552531907.6068497
1552531955.041605
1552531957.666112
1552532000.4731524
1552532019.0720794
1552532039.6811857
1552532058.8765042
1552532065.4148304
1552532065.8273995
1552532104.7508674
1552532157.9989264
1552532171.9807448
1552532187.177296
1552532218.2732801
1552532220.4779592
1552532237.4886262
1552532265.727207
1552532288.3360517
1552532291.477895
1552532302.710587
1552532320.5960608
1552532359.91097
1552532374.0927892
1552532408.0878716
1552532433.2969663
1552532434.7656908
1552532472.6811838
1552532496.309311
1552532517.3814492
1552532537.8786538
1552532548.075937
1552532558.2801583
1552532559.9485667
1552532568.811779
1552532594.3928752
1552532595.884119
1552532619.7950346
1552532624.840235
1552532651.5582104
1552532662.8379736
1552532685.7062826
1552532692.9836133
1552532717.2883837
1552532750.5016713
1552532787.569437
1552532814.3229482
1552532818.4233627
1552532858.0370061
1552532869.3762822
1552532914.455627
1552532945.8069086
1552532951.0208383
1552532970.4456336
1552532984.2489405
1552532996.1706605
1552532999.2653701
1552533028.6876733
1552533051.080774
1552533100.914796
1552533115.5740693
1552533127.6594372
1552533144.3133895
1552533170.7198834
1552533185.8618946
1552533212.8973634
1552533259.5948455
1552533280.8893094
1552533319.016524
1552533357.2593381
1552533373.150832
1552533380.6376674
1552533415.351486
1552533520.0163565
1552533541.5288079
1552533551.768429
1552533596.4361796
1552533630.5378356
1552533653.2330606
1552533667.2428417
1552533705.166375
1552533712.8924055
1552533726.2920878
1552533733.3783193
1552533747.523889
1552533770.222397
1552533784.8007607
1552533807.24497
1552533881.499639
1552533881.8991587
1552533915.3165948
1552533917.7663312
1552533981.477935
1552534000.256819
1552534000.6421406
1552534025.7141817
1552534032.757228
1552534061.9451354
1552534085.1112118
1552534090.1199737
1552534100.3217182
1552534133.7310126
1552534169.4921963
1552534184.787803
1552534195.0011542
1552534238.0100586
1552534283.7030113
1552534295.533919
1552534337.3588233
1552534366.858824
1552534378.4791694
1552534444.563231
1552534525.3879375
1552534594.4834278
1552534602.047335
1552534673.0279243
1552534683.237222
1552534692.2938993
1552534697.7454643
1552534737.0386028
1552534769.7313957
1552534781.109461
1552534781.5148575
1552534797.466064
1552534804.0473833
1552534822.3300529
1552534830.6697419
1552534877.9350243
1552534914.3463776
1552534928.6450589
1552535033.1286254
1552535043.4091148
1552535044.716232
1552535071.1738176
1552535104.297634
1552535134.634323
1552535145.758568
1552535157.0029926
1552535185.861437
1552535196.1017852
1552535222.1871076
1552535223.6287732
1552535226.5040486
1552535230.4166548
1552535254.1010804
1552535326.198729
1552535342.288939
1552535413.9131224
1552535419.6769578
1552535447.0327885
1552535465.264283
1552535469.7187505
1552535479.0881743
1552535491.1450832
1552535492.3770978
1552535502.3185318
1552535550.6337035
1552535576.7673144
1552535586.7950618
1552535601.6039557
1552535606.688068
1552535659.4831011
1552535680.199078
1552535693.5814476
1552535735.6901476
1552535802.449978
1552535807.076224
1552535812.0574174
1552535864.1432896
1552535868.9070966
1552535901.9236443
1552535991.2115538
1552536063.0034056
1552536099.570262
1552536145.007196
1552536206.0445054
1552536222.8959682
1552536233.0199997
1552536249.789248
1552536273.675723
1552536302.2752612
1552536313.2459707
1552536334.8946924
1552536375.1487594
1552536441.223856
1552536462.3600082
1552536492.8177161
1552536523.1177373
1552536551.0764267
1552536573.5736327
1552536575.0840995
1552536598.1364594
1552536615.6410844
1552536617.0620146
1552536641.0285027
1552536646.7697148
1552536659.8775737
1552536671.1047273
1552536697.9316378
1552536703.0884533
1552536711.81496
1552536760.3427854
1552536826.9039078
1552536836.9257326
1552536855.807064
1552536920.9083447
1552536945.3574152
1552536963.705957
1552537022.044718
1552537054.9236877
1552537057.6807044
1552537063.9420998
1552537101.9723504
1552537109.659054
1552537110.0883195
1552537112.7566326
1552537123.389613
1552537145.7148345
1552537160.9806798
1552537168.3516202
1552537176.606145
1552537186.809374
1552537198.4761486
1552537203.8132782
1552537254.9145114
1552537275.8118997
1552537286.3063006
1552537297.9790716
1552537336.9167404
1552537349.5941193
1552537353.1467202
1552537358.6240354
1552537388.0785599
1552537395.230593
1552537406.4741573
1552537422.092755
1552537422.7361887
1552537438.5296426
1552537448.7234569
1552537452.9306924
1552537470.6130483
1552537550.4121492
1552537576.534912
1552537591.421534
1552537634.9452794
1552537643.1189291
1552537696.0216823
1552537745.6815283
1552537809.783298
1552537839.5157099
1552537853.3860996
1552537864.891742
1552537890.6052492
1552537924.4215522
1552537944.38573
1552537956.978762
1552537984.0320513
1552537985.05486
1552538001.0448184
1552538005.3813765
1552538035.5815685
1552538041.46641
1552538053.3518972
1552538077.0063329
1552538081.825294
1552538082.2110007
1552538092.5743065
1552538110.2474573
1552538129.7240365
1552538163.1981838
1552538204.8813968
1552538240.5171113
1552538264.0724149
1552538265.109474
1552538297.377121
1552538298.8137438
1552538310.9644313
1552538313.4202719
1552538324.5433152
1552538347.7861857
1552538434.7047992
1552538512.7446315
1552538542.821433
1552538578.5765657
1552538590.2173126
1552538605.536678
1552538622.910596
1552538640.2225409
1552538641.6610427
1552538662.2306232
1552538665.4772434
1552538716.8696392
1552538731.7329674
1552538746.7515965
1552538759.8210115
1552538778.6248984
1552538823.8051453
1552538826.9198298
1552538829.8497002
1552538852.8925917
1552538914.5708756
1552538928.8476245
1552538939.028114
1552539022.0078852
1552539042.0843537
1552539067.3686557
1552539083.3919597
1552539155.0004327
1552539186.9638677
1552539191.2322936
1552539219.0457304
1552539250.0513473
1552539278.5669081
1552539330.1416225
1552539433.6448798
1552539479.5624716
1552539526.052362
1552539598.6447356
1552539628.6996462
1552539681.2331166
1552539701.898893
1552539713.3663657
1552539716.2766864
1552539739.6191134
1552539869.6981745
1552539918.7885454
1552539926.4714441
1552539939.7649467
1552539964.4862592
1552539969.9032905
1552539987.8930807
1552540030.0211973
1552540055.4124625
1552540071.1008954
1552540107.7577188
1552540121.325255
1552540169.5494707
1552540170.1800447
1552540179.1603956
1552540194.910796
1552540207.032864
1552540210.4492037
1552540218.9316735
1552540222.0776005
1552540242.5462286
1552540259.474418
1552540267.9641902
1552540336.44059
1552540363.5046048
1552540379.0973852
1552540380.6342897
1552540406.8022168
1552540412.1645632
1552540420.1802654
1552540470.8812952
1552540488.8485508
1552540489.3368306
1552540535.2747302
1552540550.8799453
1552540589.0069969
1552540614.4688456
1552540620.5964057
1552540639.015811
1552540673.7708802
1552540686.9671354
1552540725.899571
1552540788.5374422
1552540806.2750568
1552540814.2105508
1552540818.353498
1552540841.7243342
1552540872.8630881
1552540959.0123599
1552541045.5026772
1552541097.437997
1552541116.5557299
1552541145.260334
1552541225.1183288
1552541245.0686362
1552541258.518628
1552541320.2646239
1552541341.758106
1552541345.7027886
1552541361.6338196
1552541398.7688384
1552541405.8025842
1552541431.9317517
1552541457.9973552
1552541505.9767354
1552541543.1423535
1552541549.6729689
1552541566.0568428
1552541596.6133435
1552541600.2554598
1552541603.6200514
1552541635.452762
1552541653.8078425
1552541657.7959893
1552541659.3296893
1552541673.192666
1552541673.6214108
1552541716.5411687
1552541732.8908534
1552541750.596795
1552541772.284874
1552541789.06432
1552541816.4433742
1552541831.1817842
1552541928.568319
1552541964.365129
1552541971.4405081
1552542079.006968
1552542097.2200432
1552542121.6965506
1552542130.2964942
1552542174.5032012
1552542182.3743236
1552542195.1358342
1552542230.997554
1552542241.1013858
1552542262.6993554
1552542279.1201463
1552542292.8467398
1552542294.257549
1552542326.643221
1552542351.6383328
1552542434.5944724
1552542478.9226038
1552542485.0016434
1552542500.6958125
1552542508.4549813
1552542592.3438137
1552542613.8570983
1552542672.8628635
1552542697.4304168
1552542703.25527
1552542734.4189823
1552542758.4138403
1552542785.549904
1552542848.2126577
1552542897.2182937
1552542909.377197
1552542935.037023
1552542941.1109636
1552542964.70238
1552542977.9900074
1552542999.6346056
1552543001.1615376
1552543030.4495847
1552543055.4600894
1552543094.1388018
1552543102.5237901
1552543131.3842096
1552543174.2120345
1552543213.664302
1552543215.1508675
1552543268.6456966
1552543284.3606439
1552543284.9689298
1552543297.6050453
1552543300.1898158
1552543323.3519216
1552543324.7400215
1552543343.1325445
1552543350.428938
1552543374.3830519
1552543382.7374265
1552543388.8176033
1552543402.5931635
1552543417.8934658
1552543449.274405
1552543547.138664
1552543559.7241662
1552543569.94451
1552543603.290391
1552543616.8037815
1552543620.7498648
1552543637.1270528
1552543637.71858
1552543655.641347
1552543681.8324192
1552543702.6668775
1552543706.9852781
1552543722.4077475
1552543722.8663697
1552543798.6674888
1552543835.9521825
1552543893.3226798
1552543942.7779994
1552543958.7942789
1552543979.1287482
1552543989.3502517
1552544010.9287796
1552544030.0284407
1552544040.1597748
1552544060.802603
1552544082.2194538
1552544111.9712598
1552544132.7486215
1552544181.880222
1552544183.3453236
1552544192.0846915
1552544248.478499
1552544262.6769452
1552544331.6611793
1552544361.654753
1552544387.997682
1552544414.454449
1552544421.4172192
1552544423.4906552
1552544450.6620831
1552544454.1420364
1552544461.7917762
1552544475.4533992
1552544489.1066957
1552544529.4710722
1552544533.778083
1552544548.106892
1552544558.3051448
1552544589.1445606
1552544589.5464435
1552544595.2722309
1552544663.7505097
1552544665.1542284
1552544678.7290156
1552544716.806924
1552544724.6493282
1552544751.591159
1552544752.2704227
1552544763.5486584
1552544777.4197328
1552544797.378243
1552544809.5178661
1552544822.8373842
1552544836.2169988
1552544866.0867145
1552544881.1415012
1552544896.5030353
1552544906.6187317
1552544916.860998
1552544934.697367
1552544962.7867339
1552544988.6864655
1552545012.3639593
1552545020.5518909
1552545028.0615394
1552545055.2245622
1552545062.0259633
1552545085.3057609
1552545089.6089675
1552545113.1687663
1552545120.8454278
1552545140.9389095
1552545189.962703
1552545205.8675218
1552545218.1806016
1552545218.5702927
1552545271.6572788
1552545301.7898202
1552545310.9392955
1552545323.5689437
1552545385.5515993
1552545410.0706346
1552545415.7450635
1552545437.3735313
1552545443.9445598
1552545459.1534534
1552545479.3855498
1552545479.7565289
1552545531.8299925
1552545556.5317423
1552545562.6250288
1552545566.0211735
1552545614.9658027
1552545632.956787
1552545640.5463421
1552545650.133039
1552545663.8799481
1552545723.0666542
1552545731.4173753
1552545734.86361
1552545736.9616594
1552545755.009099
1552545775.233623
1552545811.296164
1552545826.8720853
1552545853.473581
1552545870.5455132
1552545887.989571
1552545890.4489517
1552545956.0985289
1552545986.9202394
1552546021.1095023
1552546031.2901993
1552546073.5298152
1552546088.7987356
1552546120.021235
1552546147.5655317
1552546161.2155097
1552546162.7096655
1552546169.275757
1552546179.1469142
1552546188.476661
1552546194.5588715
1552546205.0015168
1552546209.137198
1552546232.8673933
1552546291.8078809
1552546314.7825696
1552546350.5891736
1552546361.97937
1552546387.8691213
1552546409.8352041
1552546465.9962358
1552546489.484668
1552546496.0239887
1552546496.4949238
1552546539.6389344
1552546575.8174558
1552546593.6069643
1552546611.7314498
1552546633.1775782
1552546642.4582932
1552546659.6587396
1552546670.7006526
1552546677.1430082
1552546719.5983865
1552546756.1349583
1552546810.4494483
1552546845.5873058
1552546846.1736622
1552546846.7475095
1552546864.0784614
1552546885.719214
1552546927.2270484
1552546947.1750326
1552546955.104447
1552546974.5356295
1552547033.2707875
1552547042.3796296
1552547049.850594
1552547069.947695
1552547112.0801463
1552547145.9987292
1552547198.5784593
1552547227.5378535
1552547241.6713648
1552547250.2833855
1552547272.9826977
1552547276.0445173
1552547365.1684158
1552547387.0402718
1552547414.9896946
1552547439.4725282
1552547448.4815266
1552547489.186249
1552547499.3708756
1552547530.3221838
1552547654.8502827
1552547664.146234
1552547668.4476554
1552547680.1724334
1552547710.473822
1552547734.8182576
1552547762.7540498
1552547768.862177
1552547783.7279441
1552547823.451311
1552547869.0426235
1552547891.9829354
1552547898.128399
1552547925.4682333
1552547937.918709
1552547962.2384143
1552547972.443746
1552548005.2718728
1552548026.9470687
1552548032.4673893
1552548072.2662475
1552548114.650897
1552548120.4550421
1552548151.137274
1552548190.796065
1552548217.0525806
1552548244.1808915
1552548255.2274811
1552548261.7163274
1552548282.4897554
1552548287.8926365
1552548288.258873
1552548367.600578
1552548392.5918818
1552548425.0173743
1552548448.0762308
1552548529.320684
1552548582.710808
1552548694.7701092
1552548709.37154
1552548730.3898973
1552548747.7830582
1552548757.4955149
1552548785.7270703
1552548803.5169
1552548822.099354
1552548838.5796866
1552548866.6728954
1552548868.6926246
1552548875.3009408
1552548892.4604163
1552548924.1869187
1552548940.4583771
1552548953.464048
1552548979.7768621
1552548992.0170236
1552548995.764147
1552549012.1105728
1552549032.9231734
1552549049.8280778
1552549088.9690597
1552549148.3140523
1552549155.9518533
1552549170.8931718
1552549180.1022613
1552549188.3859928
1552549190.3753135
1552549193.1584787
1552549220.8757539
1552549237.763518
1552549353.5921612
1552549375.0211139
1552549385.0766945
1552549457.3397295
1552549462.3018446
1552549465.697112
1552549517.791518
1552549538.2980542
1552549583.580538
1552549593.7752376
1552549609.5571127
1552549635.8648438
1552549640.462122
1552549655.9658136
1552549721.444334
1552549733.874889
1552549752.1151686
1552549776.2514763
1552549788.1643677
1552549820.3898606
1552549828.480321
1552549864.5285814
1552549905.189923
1552549916.9556482
1552549935.4537587
1552549941.692191
1552549968.2324712
1552550035.9501772
1552550060.6444077
1552550061.8469794
1552550062.3205526
1552550091.7972705
1552550146.4882329
1552550158.0754504
1552550167.1229758
1552550173.1327279
1552550183.8455229
1552550200.9904568
1552550206.6882248
1552550267.5049245
1552550277.7114463
1552550402.217079
1552550447.7706714
1552550480.3194697
1552550500.2170498
1552550510.3817828
1552550524.088768
1552550538.9138172
1552550576.5379903
1552550588.2616835
1552550592.5363467
1552550622.8806415
1552550638.6831174
1552550660.8376315
1552550707.3710332
1552550732.9892712
1552550737.7703743
1552550745.843571
1552550757.2956138
1552550790.4054396
1552550804.037479
1552550824.38102
1552550844.1760309
1552550856.1233895
1552550879.4712818
1552550965.502175
1552551040.673193
1552551086.5100386
1552551099.0498917
1552551138.8312874
1552551191.108387
1552551191.499027
1552551192.312816
1552551213.020101
1552551223.2741134
1552551246.523635
1552551251.6938243
1552551298.6157255
1552551340.4809797
1552551356.7884004
1552551357.1417758
1552551381.1993592
1552551459.1112013
1552551469.333843
1552551476.2333918
1552551477.7991867
1552551503.3658388
1552551593.7009528
1552551612.1285326
1552551620.4474945
1552551639.1710415
1552551649.381517
1552551667.498635
1552551696.2821705
1552551707.511514
1552551717.7224257
1552551755.171815
1552551784.9812503
1552551790.2606652
1552551841.1270163
1552551864.6031246
1552551897.0167565
1552551903.6665719
1552551917.189593
1552552006.3707764
1552552013.2779233
1552552026.8333993
1552552045.1742814
1552552062.1974032
1552552107.4718957
1552552111.0645967
1552552121.9490392
1552552122.3628576
1552552130.6669133
1552552132.1152527
1552552177.614443
1552552197.0623007
1552552201.9283826
1552552208.3858354
1552552329.6459079
1552552379.5125637
1552552388.9188657
1552552419.7527049
1552552439.3161862
1552552456.7110054
1552552467.9484622
1552552486.4357724
1552552491.1614966
1552552530.5540917
1552552538.4787192
1552552555.7497704
1552552581.9528215
1552552620.9482152
1552552638.4897294
1552552723.0748553
1552552740.9756231
1552552791.012664
1552552795.183274
1552552825.1721108
1552552835.425206
1552552891.2099266
1552552909.9056647
1552552932.3837562
1552552954.929231
1552552994.3931482
1552553019.7816935
1552553040.0431116
1552553053.2103634
1552553076.6801136
1552553099.9428592
1552553118.7701142
1552553125.7660809
1552553145.2031274
1552553151.75073
1552553177.0755453
1552553220.6120853
1552553287.7213259
1552553298.9588077
1552553322.2631302
1552553345.8563378
1552553348.7050629
1552553377.5000281
1552553399.869696
1552553406.7733705
1552553429.3459327
1552553464.83493
1552553468.3462465
1552553513.0425494
1552553558.9520507
1552553595.2612615
1552553603.1198082
1552553641.6075149
1552553656.105175
1552553659.4713995
1552553663.2411675
1552553673.7713714
1552553685.2309601
1552553720.3868594
1552553720.8126245
1552553819.820285
1552553867.051005
1552553885.0545244
1552553922.4085221
1552553941.1973555
1552553966.6910431
1552553989.6188319
1552554007.5612607
1552554019.2564528
1552554021.664071
1552554025.7483823
1552554039.3497388
1552554060.7840464
1552554073.8231251
1552554086.489536
1552554086.8846145
1552554090.4543815
1552554143.3791897
1552554158.5024672
1552554161.5894647
1552554188.8615494
1552554191.3999612
1552554228.4764647
1552554263.9607942
1552554301.568528
1552554328.6319487
1552554342.037269
1552554354.6404436
1552554362.8649573
1552554401.1969056
1552554464.9853566
1552554466.421184
1552554469.8389657
1552554496.441848
1552554529.4614275
1552554548.7861745
1552554559.231075
1552554559.86237
1552554572.9135551
1552554601.9879172
1552554687.5276139
1552554751.0121963
1552554751.4164755
1552554759.4266639
1552554786.1928844
1552554793.7366211
1552554803.997627
1552554815.8797588
1552554985.316068
1552555031.728441
1552555059.4585896
1552555096.4862413
1552555124.4271755
1552555125.9004693
1552555155.3370204
1552555156.73722
1552555159.851739
1552555162.1107981
1552555181.8840604
1552555193.2960007
1552555198.5201297
1552555246.8855054
1552555286.696132
1552555300.062695
1552555303.6335952
1552555346.3085084
1552555348.8320587
1552555399.9909956
1552555411.255707
1552555430.8814642
1552555436.7401993
1552555443.7751184
1552555457.0514402
1552555533.565461
1552555535.0466392
1552555626.3415213
1552555676.863358
1552555715.5971348
1552555725.8123515
1552555742.2679865
1552555756.2449353
1552555784.850912
1552555849.5097876
1552555862.1415582
1552555900.7491133
1552555913.1750207
1552555914.6575596
1552555925.8571975
1552555950.3215215
1552555954.3275013
1552555980.9230516
1552556003.8866696
1552556047.8071792
1552556064.4547818
1552556107.2727885
1552556121.1854172
1552556153.319319
1552556161.5583196
1552556169.5048447
1552556192.3545232
1552556230.459531
1552556247.4913774
1552556250.624605
1552556273.925279
1552556289.0842881
1552556290.691016
1552556294.463985
1552556324.201396
1552556348.887372
1552556393.08
1552556411.5119615
1552556421.82727
1552556431.8326035
1552556444.393615
1552556514.5682082
1552556577.7442071
1552556604.2201383
1552556623.9547343
1552556658.8814318
1552556667.690851
1552556694.428616
1552556763.3071334
1552556773.4933658
1552556789.1107001
1552556789.997649
1552556808.324587
1552556821.191499
1552556828.9437323
1552556877.77399
1552556888.0658102
1552556914.6711795
1552556935.9520319
1552556941.8330216
1552556982.3174741
1552557012.2984028
1552557033.8455067
1552557058.8128035
1552557097.5733042
1552557130.40679
1552557134.7009046
1552557163.190449
1552557175.376592
1552557208.2400744
1552557234.7661746
1552557239.0331192
1552557250.2712922
1552557320.803189
1552557376.126571
1552557406.5509536
1552557436.1185384
1552557479.5272527
1552557492.3034008
1552557495.3604321
1552557515.1672652
1552557538.8863971
1552557552.196401
1552557553.7618167
1552557593.8294914
1552557612.8912015
1552557648.429512
1552557661.860238
1552557679.903651
1552557694.4738371
1552557704.0403998
1552557710.7838345
1552557721.4277344
1552557828.1578214
1552557833.7423043
1552557868.936626
1552557869.338895
1552557871.5291948
1552557893.9940088
1552557907.2584848
1552557922.098465
1552557932.6952186
1552557991.2054358
1552558034.9540489
1552558044.3614848
1552558044.778174
1552558051.3718677
1552558074.5679388
1552558094.7543247
1552558100.2429187
1552558120.586925
1552558148.694876
1552558162.3745272
1552558186.9568834
1552558240.3533585
1552558273.6999412
1552558301.7436476
1552558333.7511294
1552558343.6231031
1552558345.630035
1552558386.5733926
1552558387.7162807
1552558486.216155
1552558561.7986846
1552558584.2817988
1552558592.4080844
1552558609.4297378
1552558618.5997891
1552558632.1570458
1552558652.7125373
1552558654.2904632
1552558678.287527
1552558685.0016067
1552558686.2684314
1552558732.6130035
1552558741.7222674
1552558742.161298
1552558758.323701
1552558778.8460517
1552558781.086708
1552558830.9341724
1552558832.4052656
1552558935.0877585
1552558941.6107984
1552558962.3044708
1552558993.6826422
1552559042.0252814
1552559049.8282456
1552559067.8483584
1552559102.9680905
1552559186.4271095
1552559224.9450216
1552559252.6024077
1552559292.6947482
1552559313.964162
1552559339.1843772
1552559374.7859192
1552559375.124965
1552559375.6508453
1552559456.1443274
1552559459.7282996
1552559498.8561862
1552559503.9016662
1552559506.7608218
1552559513.0601778
1552559540.458582
1552559543.442633
1552559556.1576676
1552559562.4548748
1552559611.377286
1552559671.7582788
1552559708.2653258
1552559719.711627
1552559754.0442169
1552559773.7445536
1552559775.2697232
1552559795.3527246
1552559850.4700375
1552559853.3480716
1552559857.5866935
1552559862.1659408
1552559907.9534016
1552559923.232721
1552559926.0981274
1552559942.6978347
1552559952.905764
1552560006.879826
1552560055.5300224
1552560069.222013
1552560105.4854152
1552560133.043475
1552560173.5066564
1552560212.2063155
1552560275.3496852
1552560280.9055753
1552560316.4863536
1552560339.5364084
1552560463.5979936
1552560492.7380636
1552560510.0842738
1552560573.582394
1552560594.4376066
1552560598.924356
1552560639.9600399
1552560651.6448982
1552560659.9540048
1552560680.1394463
1552560736.8608232
1552560747.5923808
1552560748.8950014
1552560756.0666127
1552560761.594022
1552560765.0173454
1552560871.1069314
1552560947.3253033
1552560987.6042054
1552561032.0658252
1552561067.2712755
1552561075.8490512
1552561086.0651147
1552561107.754319
1552561115.3599267
1552561115.9602313
1552561124.2385118
1552561192.185362
1552561203.2283218
1552561264.712103
1552561310.4912007
1552561332.9665518
1552561345.420258
1552561353.7413952
1552561389.7483761
1552561445.0955462
1552561465.508871
1552561494.6815207
1552561530.25089
1552561548.2280352
1552561589.4364834
1552561631.6165943
1552561642.8357024
1552561662.4971125
1552561675.074381
1552561683.6625152
1552561684.1520283
1552561708.5188627
1552561712.0050125
1552561725.9600163
1552561728.301843
1552561767.4450035
1552561794.9208853
1552561825.0242114
1552561906.0767758
1552561931.0850832
1552561967.0147393
1552562012.38325
1552562085.2485306
1552562119.9794304
1552562165.9440968
1552562199.5697718
1552562255.8834665
1552562260.4474964
1552562283.744208
1552562293.9446309
1552562295.7043922
1552562318.5581746
1552562329.8882377
1552562358.4444325
1552562374.8078089
1552562385.623908
1552562411.4700015
1552562445.1610417
1552562473.7864995
1552562477.8975396
1552562519.5889475
1552562520.0312355
1552562524.6323128
1552562538.5820765
1552562562.6590598
1552562567.9602516
1552562575.5355666
1552562594.2517536
1552562659.9701653
1552562661.4022572
1552562716.807741
1552562761.32813
1552562801.622208
1552562805.308363
1552562821.222579
1552562853.6994767
1552562879.294938
1552562881.5536022
1552562917.2501757
1552562931.8415055
1552562938.0146506
1552563017.5130737
1552563029.5612206
1552563041.174917
1552563053.8911903
1552563073.9707897
1552563112.013194
1552563127.7473474
1552563151.7799392
1552563171.8181918
1552563215.9416053
1552563248.240959
1552563276.4333086
1552563291.499117
1552563320.4083776
1552563351.2173967
1552563364.9869576
1552563370.2295294
1552563397.8560107
1552563427.5034292
1552563445.0007098
1552563445.6103752
1552563448.9203727
1552563486.6020713
1552563503.7348802
1552563522.910405
1552563537.3526742
1552563568.0358076
1552563572.1197677
1552563582.8570275
1552563590.051874
1552563631.4805577
1552563635.5610793
1552563645.716018
1552563646.117694
1552563672.1915305
1552563683.3738327
1552563710.1706166
1552563713.3183305
1552563752.113183
1552563770.8277676
1552563786.214769
1552563787.9084122
1552563808.2922633
1552563814.0960963
1552563828.405911
1552563834.3514955
1552563838.4580863
1552563846.9544842
1552563857.0942304
1552563861.8955956
1552563874.2614
1552563880.3787796
1552563887.1485693
1552563898.3410754
1552563910.1166828
1552563920.0924487
1552563939.2031765
1552563958.2912934
1552563997.223955
1552564009.821449
1552564034.8951976
1552564038.7396348
1552564122.7904267
1552564126.6700642
1552564142.7252307
1552564143.3205032
1552564217.6666756
1552564226.4261618
1552564244.1219068
