1552910510.425539
1552910523.3224561
1552910550.3810773
1552910569.0869334
1552910614.7217822
1552910623.4072347
1552910626.9191048
1552910637.787564
1552910649.8514438
1552910669.251895
1552910688.7275884
1552910699.764816
1552910714.7063882
1552910756.0507119
1552910763.4330697
1552910859.7143333
1552910896.1549718
1552910910.5638568
1552910918.5150392
1552910929.3156226
1552910949.1783512
1552910959.902626
1552910970.6252005
1552910972.3884099
1552910993.7214413
1552911001.8440719
1552911034.8618886
1552911124.245006
1552911135.300578
1552911141.7915502
1552911165.3713994
1552911210.7771342
1552911223.7974403
1552911233.656907
1552911269.5633862
1552911291.7701836
1552911325.406445
1552911339.6991751
1552911367.707956
1552911387.7552247
1552911399.5005474
1552911408.519863
1552911422.9215987
1552911465.3342795
1552911480.5143464
1552911492.676899
1552911511.6275334
1552911522.4964473
1552911539.1713514
1552911546.6734946
1552911557.7550814
1552911585.0341585
1552911587.7380075
1552911708.258031
1552911742.7198555
1552911750.5970972
1552911768.4636726
1552911800.8875403
1552911895.960747
1552911989.9804018
1552912020.2668755
1552912034.1391063
1552912106.417284
1552912192.4397762
1552912204.3091712
1552912253.52321
1552912265.6002476
1552912270.2179365
1552912285.7768989
1552912304.2765965
1552912307.0905805
1552912342.6890855
1552912367.3241818
1552912447.2472205
1552912507.1375372
1552912508.6701841
1552912526.9999564
1552912538.0264657
1552912555.3296533
1552912612.1977174
1552912696.3992434
1552912721.3234165
1552912738.5895054
1552912751.3519742
1552912762.1941903
1552912774.036563
1552912795.51156
1552912802.0170796
1552912816.8281376
1552912819.4511635
1552912873.4917986
1552912952.2154353
1552912974.445346
1552912979.052146
1552912991.264349
1552913003.2587876
1552913031.5701911
1552913057.3311226
1552913073.2261891
1552913086.8930435
1552913093.570518
1552913107.7637043
1552913119.5697966
1552913148.7229805
1552913188.9146142
1552913205.6805694
1552913223.9127872
1552913228.1058626
1552913291.8649743
1552913336.1442087
1552913359.6030598
1552913398.5665836
1552913425.0415518
1552913509.4085865
1552913537.9902787
1552913589.2527738
1552913647.7848392
1552913732.6251435
1552913741.4520442
1552913791.8602571
1552913809.7412248
1552913815.2793028
1552913869.3596447
1552913886.8271015
1552913902.427418
1552913929.030695
1552914022.4025667
1552914024.7515857
1552914046.207467
1552914085.3100402
1552914102.1478443
1552914146.2720804
1552914166.8339937
1552914187.8706126
1552914291.9766295
1552914326.650641
1552914349.3321753
1552914360.3478034
1552914382.8236568
1552914438.1246376
1552914467.021858
1552914468.9367087
1552914487.1472108
1552914497.7505538
1552914499.7369194
1552914503.1181917
1552914511.2024267
1552914528.5515006
1552914600.1474218
1552914618.9236593
1552914642.1453614
1552914649.5769327
1552914707.2255163
1552914734.624906
1552914737.3327277
1552914749.9947026
1552914773.8026853
1552914815.5900393
1552914830.5587094
1552914888.4327033
1552914908.2487152
1552914918.7978592
1552914940.7389157
1552914964.7246926
1552914975.5105417
1552914985.856351
1552915005.604213
1552915041.1842055
1552915055.3243384
1552915088.5490296
1552915093.979012
1552915145.5785148
1552915154.269579
1552915199.5774639
1552915208.4554927
1552915275.1838803
1552915289.2439165
1552915314.560404
1552915325.3594925
1552915332.7398667
1552915363.7715437
1552915394.782456
1552915421.7245154
1552915428.2612178
1552915445.9349651
1552915494.4107509
1552915543.9527867
1552915567.5643513
1552915586.521218
1552915609.3878727
1552915618.639296
1552915634.305303
1552915778.2243779
1552915779.750898
1552915790.5406106
1552915810.8068347
1552915821.30455
1552915849.5813239
1552915873.078575
1552915954.0639515
1552915985.2530396
1552916018.441367
1552916065.7962875
1552916102.805001
1552916108.9246008
1552916210.7017987
1552916217.810694
1552916221.7444105
1552916255.578611
1552916287.4087026
1552916296.1751928
1552916370.9116957
1552916372.4866955
1552916460.8164446
1552916491.1945138
1552916529.0815878
1552916576.8968477
1552916608.3371692
1552916652.2565627
1552916710.051847
1552916766.1162598
1552916801.6470594
1552916848.608059
1552916859.480923
1552916871.306699
1552916892.240587
1552916941.7989407
1552916974.78816
1552916986.2551677
1552916999.8397884
1552917025.278339
1552917028.2519825
1552917047.3132575
1552917058.2160637
1552917106.3541865
1552917114.25385
1552917141.2412481
1552917149.643451
1552917190.623947
1552917200.05816
1552917225.2242413
1552917260.2174072
1552917277.1562512
1552917314.0329561
1552917337.7763844
1552917402.7023544
1552917413.5666614
1552917485.7145662
1552917508.1620245
1552917511.8329244
1552917555.284333
1552917599.5722046
1552917650.1042874
1552917686.3567858
1552917691.0594318
1552917697.5835357
1552917702.407562
1552917714.634049
1552917717.471354
1552917752.4586015
1552917797.923776
1552917826.02991
1552917840.3891187
1552917861.382022
1552917866.7448728
1552917894.7590265
1552917928.0265088
1552917938.8757393
1552917948.8980963
1552917953.6751482
1552917982.3121796
1552917984.2118201
1552917986.0788758
1552918023.3762403
1552918046.7481518
1552918067.1434069
1552918092.6410122
1552918153.1055083
1552918182.8718266
1552918226.6554575
1552918257.704862
1552918281.623112
1552918292.457652
1552918305.4390063
1552918327.8350332
1552918357.1226919
1552918362.7639775
1552918398.6204448
1552918409.446952
1552918425.2693107
1552918430.6347744
1552918459.7553098
1552918486.185418
1552918487.9766395
1552918491.606916
1552918498.2970493
1552918518.3787222
1552918570.428078
1552918583.6572704
1552918605.101369
1552918615.798608
1552918626.453687
1552918640.2041798
1552918695.6588893
1552918704.0821369
1552918735.903142
1552918739.3253274
1552918743.7601721
1552918772.9016159
1552918800.6083708
1552918850.7103662
1552918868.9250944
1552918928.4813848
1552918938.3207345
1552918946.0199053
1552918955.879812
1552919011.9647188
1552919042.241491
1552919060.566417
1552919069.6192315
1552919071.193954
1552919089.9462934
1552919138.309749
1552919146.4656508
1552919246.387354
1552919268.0201702
1552919291.6979349
1552919340.7941523
1552919357.1363318
1552919394.3049226
1552919417.0720348
1552919492.2776942
1552919505.3485718
1552919516.185862
1552919518.8970838
1552919604.7162976
1552919710.9186494
1552919730.5770211
1552919806.9311452
1552919826.2106485
1552919856.0287266
1552919903.3090787
1552919923.538115
1552919949.1289506
1552919989.6462705
1552920000.3241942
1552920019.2828512
1552920129.9201076
1552920137.9216735
1552920139.7599213
1552920192.3208866
1552920203.9878173
1552920224.3257694
1552920238.3665462
1552920266.3894544
1552920301.1967192
1552920330.0283735
1552920374.2981427
1552920379.4832125
1552920391.4430764
1552920437.9851627
1552920448.7119272
1552920463.1361144
1552920490.7565203
1552920501.407028
1552920522.7215064
1552920559.7581816
1552920566.5479443
1552920578.5048678
1552920607.107026
1552920620.8235924
1552920622.5347478
1552920633.4252563
1552920729.558481
1552920741.3393166
1552920763.5029795
1552920789.7470214
1552920795.082009
1552920823.433749
1552920838.1591575
1552920860.8865983
1552920863.6073055
1552920913.4703772
1552920917.6565332
1552920936.7353613
1552920975.6799383
1552920998.055025
1552921032.8998404
1552921043.664168
1552921054.5942104
1552921096.2662573
1552921100.827788
1552921117.1788304
1552921144.587258
1552921199.782761
1552921207.9520826
1552921233.2994194
1552921265.6706288
1552921280.4357991
1552921297.2433379
1552921314.9165874
1552921338.0546808
1552921383.648336
1552921401.933638
1552921431.992762
1552921435.5308704
1552921466.8673966
1552921514.3208697
1552921573.6240587
1552921622.8344457
1552921661.8170455
1552921761.8952353
1552921797.500528
1552921818.7388158
1552921830.1733646
1552921837.5372055
1552921858.9445653
1552921898.0155697
1552921902.50587
1552921927.5483801
1552922000.2401407
1552922030.0263455
1552922072.8704515
1552922136.095234
1552922144.5906255
1552922163.045322
1552922180.8773437
1552922192.4177394
1552922256.091098
1552922317.6270242
1552922320.225205
1552922331.6694818
1552922335.935073
1552922359.2533967
1552922367.7140534
1552922414.0412054
1552922424.8812475
1552922445.9088366
1552922530.2197092
1552922562.7089891
1552922599.9779491
1552922610.7754743
1552922643.2006598
1552922660.0010688
1552922686.5926027
1552922695.9162123
1552922763.7776048
1552922776.5362532
1552922790.6917226
1552922881.4250095
1552922892.3882143
1552922915.714721
1552922963.1588094
1552922981.2159586
1552923000.840073
1552923002.5153399
1552923061.9532986
1552923091.6127691
1552923108.9195309
1552923130.2744997
1552923133.873549
1552923173.0362575
1552923227.2134922
1552923232.6942332
1552923287.811253
1552923319.338687
1552923330.1469216
1552923371.7453496
1552923430.585716
1552923449.773229
1552923467.2009747
1552923494.6867323
1552923530.218534
1552923588.3021183
1552923611.738105
1552923662.4152448
1552923698.5711818
1552923706.26526
1552923724.0060437
1552923752.1814806
1552923764.2112944
1552923805.082566
1552923834.3854096
1552923869.435978
1552923886.2324061
1552923952.1753619
1552923964.0046062
1552924015.0240529
1552924016.6609507
1552924024.7723613
1552924119.87308
1552924121.336352
1552924124.260596
1552924149.855905
1552924175.8511055
1552924187.0744445
1552924209.38904
1552924220.408998
1552924232.249934
1552924245.1566021
1552924265.4621282
1552924297.3075702
1552924380.238224
1552924416.6949594
1552924426.651091
1552924430.2090402
1552924446.2520213
1552924463.927067
1552924492.7837996
1552924522.1202624
1552924565.3217814
1552924603.7334027
1552924614.485356
1552924635.688636
1552924642.9024491
1552924668.8851554
1552924702.4109752
1552924704.0507798
1552924721.2691348
1552924741.375557
1552924742.9998755
1552924761.1426227
1552924762.7747977
1552924790.1128333
1552924838.7221136
1552924919.9098299
1552924934.3958867
1552924949.0190818
1552924966.047386
1552924976.9882848
1552924994.1539764
1552925004.938023
1552925018.372798
1552925031.9148903
1552925036.907952
1552925073.1140757
1552925097.6273348
1552925121.8605917
1552925153.6533296
1552925174.565382
1552925195.4312296
1552925214.5482872
1552925234.2765248
1552925324.211724
1552925361.1215236
1552925376.4137046
1552925408.028188
1552925444.1346166
1552925625.6055684
1552925637.2491562
1552925652.146982
1552925701.560314
1552925723.2896595
1552925755.8604743
1552925787.8766022
1552925797.4066133
1552925849.2368295
1552925885.1963515
1552925893.3983533
1552925901.8620696
1552925929.920793
1552925939.9992409
1552925996.7967312
1552926008.3898218
1552926029.5947306
1552926040.591329
1552926059.6767967
1552926107.0060468
1552926142.5579834
1552926192.7927337
1552926211.6454701
1552926238.149198
1552926271.5743825
1552926279.6690612
1552926319.3586242
1552926330.002392
1552926340.7893023
1552926350.7627945
1552926364.659522
1552926367.2850466
1552926394.7508636
1552926397.3607192
1552926420.5574794
1552926429.2812822
1552926467.4573772
1552926492.5872638
1552926516.646112
1552926581.9256315
1552926632.659293
1552926663.3771343
1552926674.620992
1552926690.696478
1552926742.6537755
1552926750.9363306
1552926760.4948192
1552926811.152217
1552926832.2872417
1552926836.5528178
1552926907.8494692
1552926968.6881058
1552926981.6803153
1552926994.8153338
1552927036.7902513
1552927051.0450363
1552927082.4242756
1552927102.7482688
1552927137.9847016
1552927157.1790557
1552927186.4707658
1552927207.298372
1552927222.4262047
1552927259.565503
1552927295.4018083
1552927332.9745328
1552927349.6967576
1552927354.6989393
1552927372.6579702
1552927432.2413359
1552927440.3093894
1552927452.0690405
1552927467.6726036
1552927488.8853927
1552927500.0843203
1552927501.6001878
1552927516.3403327
1552927556.5847375
1552927561.2624073
1552927563.731609
1552927606.1740732
1552927617.468971
1552927641.1689835
1552927646.4726412
1552927677.306522
1552927708.4656136
1552927752.909846
1552927770.2184215
1552927785.7242024
1552927789.759281
1552927818.4829214
1552927840.8081188
1552927856.6446486
1552927867.3964367
1552927892.6140635
1552927910.0482805
1552927999.238887
1552928017.69031
1552928041.2582173
1552928067.0704274
1552928158.0109382
1552928193.3918388
1552928211.9057708
1552928222.6712615
1552928242.0326548
1552928249.4141123
1552928263.9435918
1552928275.894935
1552928283.676745
1552928316.8799555
1552928319.4262357
1552928322.1999063
1552928358.061579
1552928370.1205492
1552928380.9022799
1552928396.5247903
1552928457.5976741
1552928471.296561
1552928487.596728
1552928489.2041218
1552928490.8489912
1552928528.36936
1552928533.4605918
1552928538.50683
1552928570.36111
1552928637.5329409
1552928717.5832045
1552928723.6969125
1552928733.0189095
1552928743.911016
1552928762.5399365
1552928803.86764
1552928808.9483137
1552928830.3646426
1552928833.0525703
1552928843.0491195
1552928872.8238013
1552928892.0647514
1552928927.818486
1552928940.9605029
1552928976.902654
1552928979.3451455
1552929001.8409429
1552929036.763039
1552929058.9677804
1552929086.1256533
1552929126.2049994
1552929127.7459655
1552929164.0901706
1552929172.8318613
1552929207.350909
1552929218.0721748
1552929233.7505574
1552929235.5358741
1552929283.7047803
1552929294.7086995
1552929353.0406106
1552929356.7448688
1552929359.3321486
1552929380.1005294
1552929384.49556
1552929395.1428766
1552929417.8031144
1552929420.4635396
1552929436.6986935
1552929443.0353787
1552929444.7310684
1552929455.4693985
1552929530.2720616
1552929541.0873978
1552929558.0921617
1552929659.4729855
1552929663.6565504
1552929688.0819166
1552929706.5526803
1552929718.6553442
1552929729.9814043
1552929765.312141
1552929792.7538292
1552929834.410863
1552929846.6764448
1552929865.3173761
1552929904.5966482
1552929909.2869883
1552929911.758188
1552929918.6231391
1552929974.0708365
1552930065.075734
1552930106.329504
1552930237.2050276
1552930256.239071
1552930285.326029
1552930292.8373349
1552930296.5802574
1552930325.1943088
1552930335.8560538
1552930350.3630297
1552930366.4209747
1552930374.1997764
1552930462.673979
1552930465.484364
1552930478.4260356
1552930497.6874063
1552930509.463123
1552930520.738631
1552930544.3958514
1552930580.4152668
1552930600.851084
1552930623.8035226
1552930649.161331
1552930665.8099658
1552930692.7731483
1552930705.3527453
1552930755.2528148
1552930773.3485425
1552930793.305032
1552930849.014256
1552930878.327832
1552930889.1376534
1552930891.9637089
1552930908.9202595
1552930912.4996996
1552930923.3655376
1552930938.3407695
1552931008.7877624
1552931025.8730931
1552931045.0495687
1552931060.5208902
1552931083.9020731
1552931155.1962101
1552931174.7173858
1552931195.2679946
1552931251.886424
1552931275.019871
1552931297.389588
1552931312.8403504
1552931315.7670794
1552931335.6528404
1552931371.9474058
1552931391.78839
1552931411.7986403
1552931447.4794211
1552931471.3001375
1552931480.4432015
1552931557.9463842
1552931601.3116558
1552931629.5282109
1552931656.7817242
1552931668.627728
1552931713.0356476
1552931736.7782614
1552931744.3774786
1552931754.996161
1552931757.72583
1552931789.8880136
1552931808.31036
1552931825.293175
1552931833.427636
1552931842.7210603
1552931862.1834753
1552931897.1184044
1552931898.7943704
1552931906.096805
1552931917.9464676
1552931986.993761
1552932027.2265835
1552932066.7585282
1552932094.506103
1552932134.009895
1552932141.142397
1552932142.6420968
1552932182.212303
1552932206.817501
1552932248.8661995
1552932296.011169
1552932384.5660653
1552932440.750562
1552932506.1526456
1552932526.8028395
1552932544.3795748
1552932569.7560585
1552932608.1446316
1552932609.7889938
1552932627.5935445
1552932633.1720328
1552932648.9636621
1552932659.7250233
1552932726.887672
1552932744.5320501
1552932823.029284
1552932834.7439942
1552932861.2994256
1552932915.6627347
1552932917.3099244
1552932943.7899308
1552932954.8044477
1552932959.2137198
1552932999.0399857
1552933035.5998187
1552933061.8113918
1552933075.778803
1552933085.2825148
1552933132.6926107
1552933148.172713
1552933157.4119892
1552933170.0648298
1552933199.463005
1552933246.3256567
1552933264.4991667
1552933286.4314523
1552933288.0854135
1552933298.8249912
1552933312.5663638
1552933335.165184
1552933341.4636836
1552933392.2094154
1552933413.653039
1552933438.365322
1552933457.6431594
1552933473.3293583
1552933509.7773664
1552933522.0065336
1552933550.1197734
1552933551.527166
1552933558.812678
1552933570.5884554
1552933593.4501097
1552933609.380796
1552933620.2709908
1552933661.7971296
1552933668.7557704
1552933683.3752584
1552933689.0284305
1552933707.8379073
1552933731.8719761
1552933735.302865
1552933744.2302382
1552933746.2791653
1552933747.8912477
1552933773.5777695
1552933778.3253462
1552933789.1525354
1552933803.2057881
1552933860.5008433
1552933872.6073823
1552933931.5330799
1552934003.4687061
1552934025.8850043
1552934049.0471542
1552934080.9443758
1552934103.4853969
1552934117.485828
1552934124.2265954
1552934128.5303257
1552934179.9127898
1552934228.8575163
1552934302.2568603
1552934320.8572767
1552934328.5841057
1552934343.195314
1552934353.9111261
1552934372.7441123
1552934386.4463375
1552934433.214133
1552934446.763567
1552934469.5613546
1552934477.0417635
1552934510.0680466
1552934594.6791942
1552934614.135449
1552934660.0064566
1552934675.4049315
1552934705.8060267
1552934743.6112242
1552934787.1633866
1552934797.930492
1552934799.7256386
1552934889.4099374
1552934925.7862422
1552935007.293958
1552935023.7053707
1552935034.6033814
1552935100.4055321
1552935110.9444022
1552935134.7171361
1552935145.6461983
1552935199.5236897
1552935253.0709207
1552935264.9352975
1552935270.6195571
1552935303.2426105
1552935313.754436
1552935331.8875527
1552935366.9910722
1552935388.6077812
1552935400.645279
1552935412.9084177
1552935423.3052173
1552935429.8898468
1552935438.0896142
1552935450.362654
1552935456.8762352
1552935469.7550569
1552935480.4150996
1552935500.3912392
1552935541.3556874
1552935544.537906
1552935546.9290922
1552935606.0367892
1552935619.354908
1552935639.6289654
1552935658.251223
1552935677.4080718
1552935679.920633
1552935696.0945942
1552935715.1543827
1552935747.2194586
1552935759.027013
1552935770.926135
1552935868.5468307
1552935890.4582055
1552935897.6138225
1552935926.3899915
1552935944.52108
1552935983.0017698
1552936017.2193477
1552936043.7177284
1552936061.0301228
1552936074.6044507
1552936089.233004
1552936107.5038025
1552936112.2246597
1552936151.8242736
1552936197.2249336
1552936279.8488398
1552936304.5940824
1552936323.5403967
1552936339.6204572
1552936373.3260217
1552936392.0520911
1552936402.8289597
1552936433.1187186
1552936473.298883
1552936492.0595891
1552936529.5608284
1552936627.3434281
1552936668.253557
1552936681.068736
1552936695.3857133
1552936705.790655
1552936708.2964358
1552936719.1425045
1552936759.4221144
1552936797.7457597
1552936896.0315506
1552936950.376799
1552936970.176309
1552936972.6831796
1552936984.0359433
1552937000.625455
1552937009.037039
1552937057.8194325
1552937068.3566365
1552937083.8916035
1552937136.3284328
1552937264.982979
1552937276.8502133
1552937290.6043582
1552937317.265188
1552937347.7259634
1552937353.0141807
1552937402.4348156
1552937432.6624613
1552937448.884299
1552937472.4212844
1552937474.939492
1552937534.4102361
1552937540.7980509
1552937558.813878
1552937610.3465173
1552937623.7719886
1552937685.692524
1552937696.5237288
1552937728.0784147
1552937742.9432983
1552937752.0080748
1552937831.796124
1552937904.0334973
1552937926.4259334
1552937937.279944
1552937940.9401016
1552937981.5599213
1552937994.1561737
1552938013.001323
1552938021.657721
1552938081.0595226
1552938092.8418198
1552938117.4168723
1552938151.7019587
1552938178.317
1552938189.2578583
1552938200.016585
1552938254.8422987
1552938266.7172046
1552938285.638018
1552938293.5335202
1552938324.320707
1552938339.0403805
1552938376.8501644
1552938501.417845
1552938548.537343
1552938602.2933228
1552938619.7883084
1552938631.6314735
1552938653.9817786
1552938684.5508745
1552938767.1444163
1552938785.2013793
1552938786.6480868
1552938804.2716727
1552938823.34267
1552938837.0968661
1552938864.918894
1552938898.8967304
1552938955.1539347
1552938988.7249725
1552939000.5374465
1552939051.0602248
1552939072.0329676
1552939089.3210454
1552939101.011683
1552939188.625777
1552939193.4499302
1552939227.603235
1552939295.5030098
1552939297.3950982
1552939374.0021296
1552939398.1410131
1552939458.9452538
1552939507.957496
1552939556.0292404
1552939594.1280959
1552939608.554002
1552939631.2632494
1552939676.6259637
1552939710.570773
1552939749.341442
1552939773.85454
1552939813.3442938
1552939821.5101132
1552939862.9933958
1552939864.7357137
1552939871.2193103
1552939877.4043765
1552939910.6874812
1552939986.3846743
1552940016.458115
1552940033.410429
1552940056.342144
1552940063.8554847
1552940067.557657
1552940096.8064969
1552940103.495272
1552940127.9028425
1552940139.7722836
1552940150.5476296
1552940190.1919909
1552940223.2996526
1552940252.5300252
1552940269.4325662
1552940280.283101
1552940282.0392714
1552940307.5834389
1552940374.2346697
1552940394.9017415
1552940420.920615
1552940440.0505486
1552940461.2518556
1552940504.1973796
1552940521.0039697
1552940534.8405428
1552940561.301116
1552940578.6990855
1552940589.4470904
1552940655.7826493
1552940685.358154
1552940688.1600964
1552940721.7583337
1552940769.1261282
1552940796.7826166
1552940818.8890836
1552940854.5526123
1552940868.9043946
1552940875.129321
1552940880.6464496
1552940906.7246518
1552940922.3899148
1552940933.183788
1552941003.6622024
1552941011.6211889
1552941070.9473844
1552941092.6262202
1552941104.3286083
1552941113.5188854
1552941131.0762033
1552941142.0896134
1552941233.924203
1552941242.9984207
1552941271.5540025
1552941284.6283967
1552941300.0475235
1552941394.893906
1552941401.1156485
1552941410.5943227
1552941425.566591
1552941437.2560184
1552941494.2278712
1552941504.906191
1552941509.4382164
1552941556.857035
1552941558.6562493
1552941603.5538287
1552941621.5470314
1552941659.5568025
1552941685.691035
1552941700.6035326
1552941729.5455303
1552941758.9352272
1552941769.806271
1552941784.5155864
1552941815.590188
1552941823.2519267
1552941844.452829
1552941860.0327992
1552941893.5462236
1552941909.037419
1552941912.788239
1552941938.9176705
1552941970.8558762
1552941982.5321157
1552942078.0904846
1552942105.7709126
1552942132.3740973
1552942208.4206624
1552942237.1239705
1552942302.2929633
1552942383.4729578
1552942408.6234646
1552942431.7971988
1552942459.7014532
1552942476.5585625
1552942519.8149912
1552942531.489443
1552942567.0474741
1552942586.970897
1552942623.0917387
1552942633.0241313
1552942658.9836898
1552942707.725958
1552942723.2992
1552942755.1754382
1552942759.4047432
1552942841.6005635
1552942887.3896346
1552942890.1407545
1552942905.5659606
1552942910.235839
1552942924.9280612
1552942942.4786882
1552942962.258972
1552942976.7428365
1552942995.3257902
1552943006.1460593
1552943061.1623764
1552943110.4371548
1552943116.5740638
1552943150.103509
1552943156.0184686
1552943190.529541
1552943193.0711446
1552943265.4459872
1552943285.8020515
1552943349.5506568
1552943413.4414082
1552943448.2822063
1552943489.5409958
1552943509.1356497
1552943547.2129211
1552943558.028329
1552943593.2294152
1552943626.5333834
1552943646.4526002
1552943694.9032767
1552943696.5318935
1552943702.421247
1552943721.8790176
1552943745.3907013
1552943799.8751996
1552943866.4119163
1552943883.354802
1552943908.4893951
1552943972.4798927
1552943981.9120948
1552944017.8342426
1552944022.6393301
1552944033.6265047
1552944095.564662
1552944162.8508406
1552944179.3530934
1552944192.8764625
1552944297.9360607
1552944309.1020463
1552944311.0232112
1552944358.7418647
1552944365.2937791
1552944387.2402282
1552944435.649326
1552944470.892596
1552944505.4768388
1552944529.6886153
1552944550.288987
1552944552.1742034
1552944563.9598432
1552944576.3967202
1552944628.4154477
1552944653.312053
1552944659.2382143
1552944674.178617
1552944694.9313765
1552944696.6186235
1552944740.7861927
1552944802.402147
1552944848.615266
1552944877.579298
1552944903.4130144
1552944956.4096568
1552945059.5459974
1552945062.34213
1552945085.5982068
1552945091.5366101
1552945114.0816486
1552945158.3575394
1552945167.669826
1552945193.1722853
1552945218.3479133
1552945222.8430862
1552945243.621432
1552945272.2561314
1552945285.0544622
1552945340.834575
1552945346.3404605
1552945357.1597207
1552945403.4301476
1552945414.2770576
1552945454.8445144
1552945487.7732744
1552945556.9220054
1552945567.76787
1552945587.6403425
1552945590.3186128
1552945615.5277672
1552945622.1891613
1552945729.4372888
1552945793.1799662
1552945810.7081258
1552945845.5587146
1552945847.2432861
1552945867.8677876
1552945873.341373
1552945889.739927
1552945922.8478646
1552945948.8724446
1552945960.828084
1552945971.5297053
1552946057.18914
1552946067.925695
1552946112.1618614
1552946113.7878199
1552946128.4498754
1552946179.6031945
1552946191.409055
1552946259.4170706
1552946277.3905265
1552946297.2030044
1552946347.9758239
1552946388.5204008
1552946442.0273306
1552946456.55361
1552946480.6287823
1552946514.4960957
1552946603.094345
1552946619.5627913
1552946638.0749233
1552946648.7499466
1552946668.2523859
1552946669.8467202
1552946674.1633546
1552946688.040361
1552946698.8552847
1552946716.4077275
1552946740.1166897
1552946745.8024075
1552946773.145851
1552946784.8844476
1552946800.850018
1552946824.067469
1552946836.057127
1552946847.9660935
1552946875.4338336
1552946887.1958325
1552946898.0058203
1552946913.5897474
1552946978.0934749
1552947044.5410619
1552947140.431989
1552947153.8325784
1552947165.7269678
1552947171.1430585
1552947189.4535086
1552947210.337063
1552947241.5052776
1552947264.788142
1552947277.7520707
1552947294.7775133
1552947306.1934144
1552947315.084975
1552947353.2895386
1552947370.4509943
1552947391.6815937
1552947430.7863843
1552947511.0162654
1552947532.4016128
1552947566.7339175
1552947580.6076682
1552947616.873653
1552947624.6029003
1552947636.9271123
1552947685.0541823
1552947700.8716092
1552947702.372946
1552947770.666519
1552947782.4068158
1552947868.0253098
1552947902.4554694
1552947933.4313955
1552948024.831181
1552948043.6038432
1552948071.7838726
1552948095.3782744
1552948117.8908577
1552948134.9313335
1552948149.0597866
1552948173.9994743
1552948186.2234824
1552948228.773708
1552948300.885679
1552948305.5456488
1552948318.1877816
1552948393.1324325
1552948394.9901118
1552948410.5477102
1552948499.9097557
1552948502.886291
1552948532.9339323
1552948570.088777
1552948591.7187629
1552948602.5731819
1552948622.1355622
1552948633.006834
1552948659.5591881
1552948736.0251775
1552948747.3465462
1552948757.886752
1552948780.5441284
1552948799.18044
1552948828.68384
1552948865.3907108
1552948927.664694
1552948934.0686896
1552948960.1623852
1552948987.3272152
1552949000.2175307
1552949031.5410008
1552949043.1693587
1552949057.516252
1552949108.5274706
1552949121.8171747
1552949152.107089
1552949201.605129
1552949285.5417163
1552949287.1295772
1552949351.127679
1552949406.9104664
1552949466.6894403
1552949479.5389743
1552949608.9431047
1552949641.698718
1552949652.548341
1552949758.0632894
1552949822.0909634
1552949860.1067443
1552949870.2060013
1552949872.062125
1552949892.9887683
1552949904.8412797
1552949916.760693
1552949983.1486533
1552949995.7475247
1552950034.1355903
1552950048.718407
1552950104.0866947
1552950147.966746
1552950158.7819705
1552950180.8284233
1552950212.4437816
1552950214.86875
1552950240.6492367
1552950251.4422781
1552950261.1837454
1552950276.83768
1552950339.8778014
1552950366.443525
1552950453.6588056
1552950517.9566016
1552950540.9034367
1552950577.7331505
1552950600.2442565
1552950613.908978
1552950628.5810707
1552950662.843768
1552950668.0785315
1552950729.6617162
1552950768.7437088
1552950792.4615216
1552950821.4415853
1552950832.2643611
1552950853.8792465
1552950873.3149765
1552950886.141694
1552950903.9726658
1552950950.0803668
1552950951.727627
1552950997.5340652
1552951045.4410725
1552951080.07005
1552951097.4758232
1552951146.6967888
1552951183.5811155
1552951191.1958797
1552951202.2104306
1552951213.0191164
1552951258.3150973
1552951293.914551
1552951300.8419206
1552951426.6419494
1552951432.1466713
1552951445.8274732
1552951463.411104
1552951523.7172158
1552951567.8259382
1552951596.22384
1552951647.54966
1552951665.366336
1552951690.0052013
1552951721.2829914
1552951745.9303412
1552951752.1704447
1552951763.1244106
1552951789.061325
1552951797.342902
1552951817.492211
1552951823.0518916
1552951839.1463068
1552951858.269086
1552951904.6805072
1552951931.5826662
1552952007.4216
1552952085.5431762
1552952096.628374
1552952135.3003602
1552952147.1888156
1552952158.0262914
1552952221.2316978
1552952233.1185753
1552952296.143964
1552952337.7343688
1552952355.7499588
1552952411.5808525
1552952424.434574
1552952462.9664268
1552952514.3217819
1552952553.9093604
1552952595.7185965
1552952647.3707674
1552952712.2673094
1552952773.182263
1552952779.666905
1552952824.8833153
1552952849.7289455
1552952860.47196
1552952906.928473
1552952983.9305677
1552953005.3599439
1552953016.2549024
1552953026.8931022
1552953073.4604492
1552953100.7645297
1552953137.0851164
1552953156.3451533
1552953173.046202
1552953187.444223
1552953196.0823517
1552953204.279213
1552953258.2010686
1552953345.02409
1552953354.9861066
1552953360.8245058
1552953402.2070236
1552953404.8647797
1552953453.2682302
1552953510.8898618
1552953521.70286
1552953539.1350038
1552953560.9582698
1552953579.2816525
1552953625.298673
1552953669.3659332
1552953733.5607426
1552953744.7613358
1552953806.9332983
1552953842.2050865
1552953866.6475153
1552953900.513405
1552953931.781813
1552953942.0803888
1552954044.9967124
1552954069.0480785
1552954072.6220095
1552954146.1182044
1552954182.9601095
1552954219.9376738
1552954239.3814073
1552954244.9411802
1552954272.2282767
1552954290.0205731
1552954334.0466
1552954388.2081409
1552954395.026333
1552954420.4435265
1552954425.0541399
1552954508.5103364
1552954540.602595
1552954547.7128224
1552954551.986305
1552954559.284163
1552954615.1904955
1552954636.4503229
1552954712.8335998
1552954736.756071
1552954753.8089402
1552954757.9554877
1552954814.6415155
1552954939.4128947
1552954945.4635797
1552954956.2135658
1552954973.8293297
1552954993.882299
1552955034.9892125
1552955100.1614897
1552955118.714866
1552955150.4745352
1552955154.4247792
1552955192.1174192
1552955208.0369587
1552955212.3411632
1552955226.0441797
1552955252.4715488
1552955319.7819257
1552955321.2812283
1552955332.2072563
1552955406.8718438
1552955418.6894135
1552955451.9660587
1552955455.0053873
1552955467.7159789
1552955478.4940708
1552955538.939611
1552955565.7089746
1552955579.9991062
1552955655.282379
1552955656.9416618
1552955672.3953261
1552955678.9099128
1552955692.4220097
1552955782.560577
1552955785.7832158
1552955844.0488641
1552955856.588676
1552955870.1423604
1552955909.184634
1552955920.2152162
1552955932.0225837
1552955936.6093707
1552956152.8746283
1552956187.3343148
1552956276.7048056
1552956299.2664979
1552956303.3497403
1552956362.0505238
1552956400.7669191
1552956411.5048907
1552956423.404817
1552956426.8182735
1552956429.230411
1552956450.4338155
1552956464.321683
1552956534.4233143
1552956559.5383847
1552956628.281828
1552956696.5620072
1552956753.7711504
1552956764.6824126
1552956781.3725154
1552956850.5660791
1552956856.0275095
1552956910.2457385
1552956913.0642254
1552956938.0581338
1552956945.393808
1552956956.3782089
1552956966.7652445
1552956984.7325897
1552957053.9489548
1552957059.4949865
1552957074.5593903
1552957108.0415463
1552957126.8865168
1552957142.9502041
1552957160.5994213
1552957183.2621186
1552957200.1944215
1552957206.7942252
1552957218.7221057
1552957240.5774722
1552957251.4055905
1552957329.921928
1552957412.4476838
1552957448.271129
1552957449.9225852
1552957470.7421732
1552957489.7604373
1552957553.2294106
1552957569.736481
1552957589.973783
1552957595.461639
1552957613.0412264
1552957640.1941338
1552957642.9559345
1552957681.4308183
1552957711.6923153
1552957714.0765092
1552957743.4322672
1552957765.7950382
1552957811.4028497
1552957819.0609453
1552957844.4682062
1552957855.245483
1552957860.7131002
1552957875.2237194
1552957884.7758367
1552957896.6525643
1552957955.7197776
1552957966.7699199
1552958026.4609997
1552958028.003584
1552958052.203618
1552958085.2731895
1552958110.2782311
1552958136.6914961
1552958167.1323268
1552958243.642961
1552958254.631225
1552958303.476287
1552958316.2869103
1552958369.2387621
1552958383.5025709
1552958385.9233449
1552958408.7524102
1552958438.5747492
1552958446.0156693
1552958453.800238
1552958462.0966973
1552958496.542825
1552958527.7989209
1552958557.2346494
1552958637.6783235
1552958654.8249383
1552958659.3640158
1552958701.743791
1552958713.4658017
1552958724.3761442
1552958789.86476
1552958805.1766503
1552958881.2364712
1552958913.5446784
1552958933.2335963
1552958934.9412725
1552958962.305896
1552958984.0474997
1552958986.5745485
1552959000.8882012
1552959081.6045158
1552959086.4638388
1552959108.6558514
1552959148.9311476
1552959154.5787866
1552959230.0150855
1552959306.2983432
1552959320.6494474
1552959360.8699992
1552959455.9495697
1552959505.8390386
1552959541.8118188
1552959555.7372572
1552959558.1056929
1552959582.1502635
1552959604.1835976
1552959684.6248314
1552959724.280828
1552959750.8783913
1552959830.708865
1552959839.2163455
1552959869.2829528
1552959880.0116055
1552959890.8440676
1552959934.6085858
1552959950.5962431
1552959964.5812802
1552959999.2040174
1552960000.8055186
1552960008.9902499
1552960015.8966198
1552960045.840102
1552960052.077663
1552960062.845703
1552960086.2032995
1552960100.1808612
1552960157.0431302
1552960198.5209231
1552960201.0401542
1552960203.7987306
1552960222.1442242
1552960226.2926848
1552960254.8292851
1552960260.3730912
1552960304.7378657
1552960312.2730448
1552960367.7472532
1552960374.812615
1552960402.585136
1552960442.553651
1552960469.499162
1552960480.3699682
1552960494.6483572
1552960499.208253
1552960571.851622
1552960595.6076326
1552960606.5984328
1552960651.943669
1552960725.6130803
1552960759.08798
1552960770.834217
1552960787.859772
1552960814.637378
1552960873.6073692
1552960888.97677
1552960914.2189682
1552960919.426502
1552960963.117165
1552960966.7264845
1552961020.861283
1552961044.053419
1552961057.8876975
1552961102.5260208
1552961109.0885336
1552961138.3712811
1552961253.2091815
1552961289.7112627
1552961298.8190734
1552961311.1048322
1552961332.552438
1552961389.82826
1552961432.2868505
1552961434.1819367
1552961454.4665532
1552961494.8246915
1552961535.8717902
1552961560.9736552
1552961606.6034184
1552961628.4804225
1552961649.3941944
1552961693.304985
1552961720.5828216
1552961732.2803638
1552961809.5702894
1552961885.4817817
1552961899.9231834
1552961950.6302671
1552962012.0720017
1552962058.0812669
1552962115.5845532
1552962154.3035548
1552962167.178674
1552962189.7077537
1552962221.5190938
1552962238.6077244
1552962249.2670677
1552962274.7092552
1552962286.55854
1552962289.5523548
1552962331.7761736
1552962352.183309
1552962375.8753848
1552962418.2436173
1552962455.994242
1552962505.1231713
1552962516.3843894
1552962526.5616953
1552962567.949124
1552962582.674093
1552962594.2849007
1552962619.724098
1552962658.9329555
1552962723.09147
1552962744.839384
1552962750.8547893
1552962764.1379538
1552962808.8318539
1552962861.7408483
1552962869.3272004
1552962880.135412
1552962907.2141237
1552962950.360422
1552962961.117239
1552962988.645941
1552962994.1914191
1552963017.8339229
1552963051.0659943
1552963073.339564
1552963078.6842358
1552963095.5786185
1552963118.4754455
1552963139.1795094
1552963217.6040413
1552963271.0747566
1552963294.1442904
1552963305.158511
1552963322.9136593
1552963345.8870914
1552963366.7839992
1552963377.4782374
1552963381.6218085
1552963407.2060454
1552963450.7109797
1552963479.2930522
1552963534.86213
1552963538.2105248
1552963553.8838234
1552963607.4680598
1552963631.303424
1552963641.8995864
1552963726.9066129
1552963753.188058
1552963781.0466707
1552963805.3172755
1552963812.2444131
1552963848.7885838
1552963868.2636
1552963881.246763
1552963910.6759965
1552963925.3664992
1552963936.1829367
1552963968.7184222
1552964017.965138
1552964035.8354456
1552964050.216457
1552964060.760467
1552964072.648935
1552964093.974307
1552964104.8224723
1552964126.5766828
1552964140.6182017
1552964150.3067296
1552964173.8428729
1552964180.5785282
1552964215.3504443
1552964225.1082678
1552964235.8910265
1552964252.241563
1552964262.6658926
1552964275.65257
1552964292.4775975
1552964311.6095805
1552964314.1827934
1552964328.5920007
1552964391.2082765
1552964397.8050494
1552964473.1772091
1552964536.428925
1552964542.5811286
1552964570.924354
1552964623.783993
1552964634.6625407
1552964658.5520127
1552964692.505309
1552964696.8244178
1552964707.1532993
1552964734.7679818
1552964809.9342513
1552964824.205672
1552964846.730748
1552964849.6072283
1552964861.3972623
1552964891.867596
1552964913.595597
1552964966.5531497
1552964974.3986564
1552964986.276242
1552965000.303225
1552965037.5878038
1552965044.744996
1552965089.0539005
1552965139.3618605
1552965152.8559697
1552965187.127173
1552965191.477783
1552965244.5445113
1552965278.0056424
1552965288.8112485
1552965299.542202
1552965317.3232472
1552965329.2926254
1552965332.0981128
1552965344.6354356
1552965369.1961918
1552965401.969889
1552965426.7335467
1552965428.416762
1552965462.0520823
1552965476.029773
1552965494.1299875
1552965511.52574
1552965609.4274232
1552965657.354677
1552965659.7956452
1552965683.825042
1552965694.640418
1552965708.0983834
1552965733.0332384
1552965754.3891845
1552965773.0186071
1552965802.799522
1552965816.351298
1552965826.755405
1552965838.6827302
1552965883.6409705
1552965895.6263497
1552965928.4248004
1552965956.6157365
1552965972.7155488
1552965976.810083
1552965981.4571092
1552966005.6803725
1552966060.889182
1552966065.56135
1552966122.4122577
1552966137.0651865
1552966194.5140548
1552966216.3923078
1552966228.2404695
1552966239.0641897
1552966308.6946073
1552966312.947692
1552966322.5052717
1552966338.529305
1552966436.7046497
1552966450.5458403
1552966461.6205087
1552966478.3010309
1552966511.0100482
1552966523.465134
1552966524.76063
1552966530.218382
1552966575.293113
1552966601.5363085
1552966627.2391608
1552966643.7124605
1552966659.6533117
1552966666.3120866
1552966684.4208043
1552966716.649117
1552966737.9647563
1552966743.6400018
1552966801.3345928
1552966822.693825
1552966835.3740413
1552966859.9934704
1552966897.96877
1552966950.3969884
1552967023.347049
1552967042.6440604
1552967078.1872888
1552967139.9238243
1552967148.4792607
1552967182.0703454
1552967258.4282932
1552967267.4252322
1552967285.2662077
1552967322.708619
1552967325.2185493
1552967365.8861473
1552967377.2892966
1552967395.478906
1552967444.9374568
1552967494.694934
1552967561.9440901
1552967572.6440935
1552967658.995851
1552967677.7577682
1552967750.9658358
1552967781.268943
1552967792.193912
1552967801.8365936
1552967836.22506
1552967883.8860471
1552967901.7417417
1552967957.7451417
1552968016.7019768
1552968040.1141336
1552968094.1195924
1552968103.8115416
1552968114.3335316
1552968137.9693344
1552968149.9881067
1552968176.6959348
1552968207.8063347
1552968241.3829918
1552968274.5390077
1552968285.5121832
1552968328.0649705
1552968346.5302505
1552968401.1039453
1552968404.8875663
1552968417.8276963
1552968421.3251598
1552968446.5166032
1552968450.9369085
1552968457.3790493
1552968526.0659237
1552968574.1374393
1552968613.1040688
1552968648.0204268
1552968689.9206233
1552968709.9531932
1552968741.5554025
1552968759.5271647
1552968820.498122
