1551317531.1614454
1551317553.4082313
1551317562.6725159
1551317564.4479291
1551317613.6487763
1551317661.0030124
1551317716.6363297
1551317744.4638236
1551317744.5201404
1551317765.3219292
1551317775.4881628
1551317778.1835773
1551317779.6655266
1551317792.4422133
1551317804.0132778
1551317823.325625
1551317840.5916724
1551317856.8127973
1551317919.632255
1551317930.6746604
1551317958.2546027
1551317981.515707
1551318006.447178
1551318013.0405407
1551318022.7727206
1551318022.8397272
1551318031.167348
1551318063.082562
1551318070.533426
1551318086.2822402
1551318140.3600016
1551318193.08034
1551318211.0702667
1551318214.5267978
1551318228.6838722
1551318228.7339494
1551318263.2129676
1551318276.474985
1551318278.5992534
1551318299.8840046
1551318315.9541497
1551318326.4516895
1551318350.1583467
1551318432.8136919
1551318458.4118116
1551318459.4829192
1551318555.162049
1551318580.1762516
1551318626.1985023
1551318651.0528557
1551318659.3395953
1551318662.6395674
1551318681.1611257
1551318704.3044848
1551318710.5758662
1551318728.9730828
1551318764.548363
1551318781.8020475
1551318789.960998
1551318808.1193845
1551318826.3623722
1551318828.4926434
1551318876.4924452
1551318904.5634985
1551318919.1186783
1551318959.4207995
1551318960.8753643
1551318981.481069
1551318997.3264375
1551319017.8011339
1551319053.2282379
1551319112.5905752
1551319208.2072368
1551319220.9244483
1551319247.6613965
1551319269.727413
1551319306.3863838
1551319311.6248455
1551319315.8882785
1551319330.575193
1551319346.695164
1551319355.8832674
1551319357.7677548
1551319412.5856564
1551319416.764225
1551319419.5332282
1551319429.060455
1551319439.0865307
1551319445.6429093
1551319453.0858645
1551319465.2011635
1551319479.0194526
1551319485.0921621
1551319498.208575
1551319538.8952317
1551319587.9348927
1551319608.989117
1551319611.0395753
1551319616.8128633
1551319667.2439935
1551319686.8631334
1551319752.178031
1551319899.094837
1551319915.1015534
1551319971.006628
1551319985.1217668
1551320012.2051578
1551320066.9590611
1551320188.7525225
1551320198.7778976
1551320229.8722105
1551320265.96749
1551320275.9935417
1551320294.6819575
1551320315.2431395
1551320342.2867007
1551320347.8834577
1551320349.0005395
1551320431.7274168
1551320446.3059156
1551320448.688732
1551320530.3592024
1551320571.805164
1551320584.8302658
1551320594.4562078
1551320605.0098677
1551320660.9255955
1551320663.5657609
1551320685.0415165
1551320694.9698439
1551320695.038496
1551320695.8483121
1551320701.48417
1551320821.2299094
1551320821.2993398
1551320866.9380796
1551320871.1961036
1551320882.2873237
1551320893.3228633
1551320910.6187453
1551320915.1780956
1551320942.4429536
1551320961.2016406
1551320962.6750727
1551321015.431333
1551321036.9216528
1551321084.9724364
1551321087.084127
1551321121.5662708
1551321144.3891122
1551321147.822073
1551321179.9474053
1551321223.470738
1551321237.913238
1551321250.041808
1551321262.0912368
1551321280.7318132
1551321281.8841813
1551321286.8514633
1551321301.4557316
1551321337.5519977
1551321352.7577083
1551321369.09689
1551321377.88727
1551321379.928666
1551321391.343964
1551321430.606444
1551321439.244127
1551321443.1078594
1551321461.1915474
1551321461.242451
1551321468.0631256
1551321481.2289
1551321489.5317361
1551321540.299354
1551321578.2862077
1551321580.3817863
1551321580.6864026
1551321600.754675
1551321620.236706
1551321623.15225
1551321647.5665927
1551321666.2018094
1551321699.172969
1551321712.597734
1551321715.5042768
1551321717.6878414
1551321743.9617968
1551321744.266778
1551321759.9723768
1551321763.1426866
1551321764.2013369
1551321775.4191658
1551321797.971387
1551321802.2534494
1551321804.8432636
1551321807.0308099
1551321859.3216686
1551321937.2450354
1551321961.8046885
1551321970.1222577
1551321975.2151897
1551321999.1633997
1551322044.2858105
1551322059.6459363
1551322062.5190318
1551322079.0024672
1551322116.684371
1551322130.2878876
1551322141.007348
1551322150.7759056
1551322171.1648371
1551322183.6664386
1551322186.8499808
1551322189.3733864
1551322252.1212869
1551322266.1899087
1551322272.6878006
1551322273.8366535
1551322298.8498237
1551322308.7637794
1551322326.8441315
1551322373.9576662
1551322377.4795654
1551322379.6885512
1551322390.5256188
1551322397.2618437
1551322411.5598915
1551322473.6163957
1551322481.1065576
1551322506.2819996
1551322506.5819068
1551322531.7147825
1551322556.5994854
1551322569.0654614
1551322607.0796974
1551322675.9141762
1551322703.3115587
1551322743.8604238
1551322757.0036876
1551322764.9159064
1551322791.11927
1551322794.5210872
1551322801.0083387
1551322811.3101807
1551322817.8069298
1551322822.3204894
1551322845.4290235
1551322900.172455
1551322906.4116716
1551322916.123484
1551322991.3763735
1551322992.4465702
1551323096.7645876
1551323116.6061606
1551323140.283061
1551323146.666497
1551323206.1261957
1551323322.4489775
1551323361.485079
1551323388.816639
1551323400.8794885
1551323421.806798
1551323443.5636365
1551323517.2211027
1551323529.1739578
1551323545.6180682
1551323570.8941734
1551323581.9072006
1551323584.0485723
1551323584.0983863
1551323607.9533925
1551323608.2527251
1551323677.9677722
1551323679.985211
1551323687.675875
1551323694.1500325
1551323728.278752
1551323758.6404912
1551323789.2940931
1551323807.7905893
1551323831.741214
1551323842.3652172
1551323874.6058743
1551323910.5091114
1551323916.8450387
1551323919.4819596
1551323932.6226408
1551323947.8027785
1551323957.186842
1551323960.2842834
1551323986.8369832
1551324004.2888007
1551324018.832359
1551324045.8584082
1551324081.4032056
1551324085.5716941
1551324088.6880739
1551324089.776395
1551324119.4855008
1551324130.0967462
1551324140.1244557
1551324163.9159944
1551324205.394977
1551324208.605319
1551324219.6424184
1551324242.772214
1551324273.4496696
1551324289.7392554
1551324296.1232352
1551324299.0890906
1551324303.5685546
1551324319.3372831
1551324354.2130513
1551324357.38756
1551324367.0050461
1551324382.9881096
1551324394.0301232
1551324474.3625374
1551324478.6992142
1551324487.8937747
1551324515.960398
1551324538.8446655
1551324548.678292
1551324569.024277
1551324579.7818987
1551324611.914038
1551324632.415529
1551324633.4881084
1551324639.7207549
1551324695.000466
1551324703.8803873
1551324731.0863414
1551324746.3075523
1551324794.509028
1551324800.9765062
1551324811.0839853
1551324833.0836096
1551324887.4605799
1551324887.5084069
1551324906.6055183
1551324944.972104
1551324982.8490176
1551324988.3979323
1551324996.3586123
1551324998.5441222
1551325016.01571
1551325061.4013753
1551325097.0624874
1551325108.8114765
1551325133.8373644
1551325145.4795268
1551325165.1702275
1551325251.05763
1551325269.292712
1551325300.4673033
1551325336.4318118
1551325353.135024
1551325366.2901611
1551325370.8504407
1551325395.6443758
1551325406.190748
1551325420.4014947
1551325426.9901721
1551325455.5602083
1551325477.7123177
1551325487.724479
1551325526.0470638
1551325530.0037954
1551325547.504326
1551325561.5872018
1551325602.201851
1551325632.977158
1551325656.8242786
1551325717.8389442
1551325739.1626453
1551325792.68407
1551325830.696809
1551325867.5657816
1551325876.1353757
1551325876.4337907
1551325877.485881
1551325915.6421037
1551325916.9409204
1551325924.683213
1551325950.9893262
1551325951.042303
1551325981.0128324
1551326069.458966
1551326074.7720084
1551326076.439179
1551326079.8292792
1551326132.8543434
1551326141.3971074
1551326175.9975264
1551326200.3308034
1551326212.4526875
1551326221.7714798
1551326234.364116
1551326242.7646716
1551326286.2044814
1551326296.2265441
1551326297.7998962
1551326324.6244967
1551326424.2784364
1551326426.707896
1551326511.0059686
1551326526.1544716
1551326527.895995
1551326579.5680277
1551326694.4797246
1551326703.8005304
1551326707.0027082
1551326731.4368398
1551326759.9611025
1551326764.7599602
1551326764.8161063
1551326800.411162
1551326809.7267685
1551326821.0821345
1551326847.7276595
1551326859.4026663
1551326864.4351728
1551326883.9048743
1551326906.123377
1551326914.0966287
1551326973.4008672
1551326988.6681826
1551327022.6000206
1551327032.6249793
1551327033.171843
1551327041.7100966
1551327052.1364176
1551327067.214916
1551327138.8336358
1551327168.8446355
1551327176.0164685
1551327187.0019763
1551327246.964718
1551327250.1185193
1551327273.7999666
1551327289.808874
1551327323.093113
1551327330.3673208
1551327358.930357
1551327381.000342
1551327433.777121
1551327449.4273765
1551327489.8036902
1551327569.482611
1551327581.553317
1551327603.4840128
1551327604.6014996
1551327622.1890004
1551327644.8418367
1551327657.6422367
1551327666.0403388
1551327693.7976425
1551327698.0268686
1551327712.1102583
1551327759.0418139
1551327799.596098
1551327808.269942
1551327833.4673347
1551327835.0229537
1551327855.931116
1551327886.7598364
1551327921.7230098
1551327937.0409591
1551327972.202166
1551327981.2220247
1551327996.187237
1551328003.6624575
1551328011.582693
1551328031.7326791
1551328052.6157465
1551328059.3237188
1551328085.0400913
1551328096.4107816
1551328124.3343146
1551328132.4488347
1551328155.883219
1551328176.8445423
1551328201.43037
1551328204.602679
1551328225.966202
1551328233.8145816
1551328258.4605782
1551328280.6954885
1551328302.9400802
1551328331.75593
1551328367.5084739
1551328383.1642222
1551328384.286929
1551328402.3722606
1551328408.0414948
1551328414.4393394
1551328430.1401732
1551328453.1672628
1551328483.5781198
1551328506.7032921
1551328506.7456648
1551328520.685203
1551328523.2658699
1551328527.5919929
1551328542.194715
1551328576.373407
1551328608.6325839
1551328634.0332615
1551328657.483224
1551328660.687751
1551328681.329942
1551328693.7794545
1551328706.8340585
1551328731.686206
1551328772.6325524
1551328812.5567236
1551328835.1206162
1551328854.9911442
1551328866.4846241
1551328933.6695607
1551328933.9730995
1551328941.7920568
1551328953.8967016
1551328963.2492998
1551329003.156494
1551329024.68913
1551329056.595217
1551329071.8089614
1551329109.8109522
1551329111.913845
1551329112.7999995
1551329114.8428903
1551329125.4189003
1551329154.2875988
1551329160.4670088
1551329178.833519
1551329199.7325366
1551329210.7636006
1551329210.8314717
1551329236.1953192
1551329250.9484355
1551329272.4325657
1551329274.099481
1551329291.5644267
1551329302.5233023
1551329321.4140556
1551329323.921517
1551329342.6208978
1551329374.8016844
1551329393.616868
1551329393.6862078
1551329437.0709672
1551329447.0944848
1551329468.0273926
1551329470.9992955
1551329506.6903014
1551329506.85092
1551329512.5379076
1551329512.8378012
1551329528.0132778
1551329538.041338
1551329566.3618138
1551329627.919997
1551329637.722256
1551329673.6487288
1551329684.6913095
1551329713.2421594
1551329756.8434389
1551329780.111513
1551329800.541848
1551329837.51719
1551329883.0027053
1551329915.9181788
1551329928.8445203
1551329934.120478
1551329945.1622555
1551330007.4975538
1551330029.7928724
1551330043.8800142
1551330075.4789355
1551330087.6543102
1551330099.4164531
1551330212.467094
1551330253.8698592
1551330262.3289528
1551330276.1705775
1551330299.3154175
1551330310.1769605
1551330353.814977
1551330361.2325926
1551330379.5711455
1551330383.0021563
1551330384.1261244
1551330394.779227
1551330413.4232688
1551330434.8299298
1551330443.2420874
1551330450.414564
1551330565.7173648
1551330567.1201046
1551330581.5405312
1551330598.4365156
1551330615.6245296
1551330616.9444716
1551330684.2750497
1551330699.1682327
1551330714.0406475
1551330714.090579
1551330732.268645
1551330733.319828
1551330756.7545483
1551330768.1980078
1551330789.5742548
1551330800.2877731
1551330832.1744666
1551330843.1503701
1551330882.1995924
1551330930.1982956
1551330937.815793
1551330945.1638832
1551330994.9521093
1551331001.3215194
1551331011.4687424
1551331052.1264472
1551331132.5287626
1551331156.9764926
1551331174.2367125
1551331197.2366445
1551331242.7074268
1551331243.2432415
1551331255.4370165
1551331262.7915008
1551331328.363714
1551331329.6767428
1551331365.0726898
1551331369.325698
1551331369.368304
1551331371.156888
1551331374.320533
1551331406.3795366
1551331426.1919096
1551331469.3261323
1551331489.0730028
1551331510.6849368
1551331519.1640399
1551331540.2739053
1551331564.2674806
1551331621.65417
1551331634.7627435
1551331639.0113437
1551331642.3836896
1551331644.3986003
1551331669.479414
1551331697.3833683
1551331709.58251
1551331731.1641011
1551331773.8682544
1551331784.9210083
1551331796.2462075
1551331806.366557
1551331807.5053055
1551331856.8164606
1551331880.604246
1551331888.0184245
1551331906.9941525
1551331932.7687175
1551331948.3655243
1551331952.6872122
1551331954.8431096
1551332042.6622393
1551332138.2198956
1551332184.1095984
1551332273.6594715
1551332300.0410464
1551332316.854092
1551332317.9632998
1551332346.7611775
1551332356.0440826
1551332366.3220778
1551332396.6179082
1551332396.6857677
1551332415.9839253
1551332434.7559838
1551332451.0868309
1551332467.6318839
1551332475.5641134
1551332483.2455664
1551332508.9099598
1551332529.2413375
1551332540.7703238
1551332549.9656653
1551332554.20552
1551332559.5052247
1551332620.9743297
1551332665.0407503
1551332675.066701
1551332686.2880406
1551332744.8492055
1551332761.2550879
1551332761.307159
1551332783.468179
1551332790.763546
1551332794.192569
1551332815.6052232
1551332821.8580716
1551332848.3725054
1551332926.8426588
1551332938.8956685
1551332943.2477424
1551332947.858842
1551333075.467772
1551333105.1973774
1551333111.0824656
1551333150.840379
1551333184.6145773
1551333192.017064
1551333194.645214
1551333200.199649
1551333212.274601
1551333212.3263218
1551333214.8654032
1551333251.8873
1551333304.0739248
1551333339.7723289
1551333342.1307158
1551333385.0817106
1551333404.67341
1551333465.3773117
1551333469.7218142
1551333475.81263
1551333477.4650228
1551333504.4939404
1551333510.9229062
1551333579.0119824
1551333612.3012598
1551333640.9939368
1551333681.5633006
1551333800.6978188
1551333814.8471558
1551333822.1859694
1551333862.0456622
1551333865.2417862
1551333873.571777
1551333883.2681224
1551333894.049613
1551333903.923166
1551333914.1924796
1551333932.8168392
1551333932.8682747
1551333986.0950139
1551334003.2068508
1551334005.0428588
1551334028.2171953
1551334030.8401594
1551334053.9040296
1551334058.6407995
1551334065.2348223
1551334149.703075
1551334186.984745
1551334208.903723
1551334233.7195337
1551334235.893745
1551334238.7362952
1551334326.5244393
1551334335.392445
1551334344.0578368
1551334352.6240835
1551334357.1929662
1551334370.6086202
1551334385.8700292
1551334400.013445
1551334402.0191023
1551334409.2556658
1551334455.6935863
1551334478.7664459
1551334482.0730708
1551334485.1675098
1551334528.5993521
1551334545.8571339
1551334581.6592631
1551334599.2429564
1551334612.4520438
1551334635.3374527
1551334726.1596954
1551334754.0932784
1551334773.0852044
1551334795.0774903
1551334806.1481085
1551334834.4257874
1551334837.631968
1551334873.892801
1551334909.9648225
1551334919.992258
1551334931.0239775
1551334971.419758
1551334998.5201662
1551335016.850743
1551335025.1527417
1551335046.9937503
1551335057.0153234
1551335127.1642861
1551335140.043897
1551335142.2179763
1551335144.291193
1551335153.7224345
1551335153.7734773
1551335159.5673053
1551335214.5764575
1551335237.5189624
1551335238.6025074
1551335257.3909564
1551335281.2428687
1551335317.1991737
1551335333.965161
1551335339.1645913
1551335341.1094
1551335372.9294696
1551335407.243197
1551335413.5192254
1551335475.0666442
1551335488.2255056
1551335498.248786
1551335508.269418
1551335546.412895
1551335552.5606856
1551335554.6953754
1551335590.2863767
1551335597.3970265
1551335600.3672037
1551335611.3426487
1551335621.3625996
1551335631.3855398
1551335632.730224
1551335657.9263995
1551335691.1763334
1551335709.7741
1551335729.1666214
1551335763.3292892
1551335803.6565576
1551335828.1755862
1551335860.6827042
1551335881.7560153
1551335917.7164245
1551335937.5626507
1551335955.8956792
1551335988.8407135
1551336035.7982123
1551336084.7840374
1551336106.5265696
1551336137.6485271
1551336140.577586
1551336144.132824
1551336185.9678087
1551336192.2714
1551336212.7125015
1551336226.3029768
1551336239.563704
1551336255.8802311
1551336266.4122248
1551336277.4586866
1551336297.2904012
1551336321.341392
1551336327.162054
1551336388.361567
1551336449.1367667
1551336475.6014795
1551336489.2821436
1551336545.2574835
1551336553.5513444
1551336587.006694
1551336604.8596184
1551336616.1163514
1551336638.1885169
1551336640.3314104
1551336662.5245473
1551336665.711399
1551336673.905292
1551336726.8667114
1551336746.3752835
1551336783.3824341
1551336827.1529655
1551336868.9103894
1551336879.3751707
1551336905.5981805
1551336911.868539
1551336917.2069013
1551336931.815843
1551336979.8543923
1551336996.6606102
1551337018.8553364
1551337060.0775554
1551337072.5072117
1551337074.1258848
1551337081.404228
1551337134.9915395
1551337142.4626846
1551337149.9494953
1551337154.129146
1551337156.6199875
1551337162.9315388
1551337179.7218401
1551337182.811081
1551337189.8033752
1551337203.8445785
1551337219.3035522
1551337223.4741971
1551337231.8889878
1551337231.9666781
1551337246.3791616
1551337255.57182
1551337271.1583197
1551337271.2084446
1551337306.3495681
1551337320.8164334
1551337331.8320282
1551337351.199999
1551337367.471298
1551337410.2039797
1551337431.4090714
1551337436.7151115
1551337447.795152
1551337448.9203625
1551337503.3285747
1551337518.7364223
1551337580.0755992
1551337581.1642418
1551337584.1336727
1551337595.405413
1551337599.8593411
1551337606.7020266
1551337609.8793876
1551337619.502154
1551337637.5101123
1551337687.001914
1551337691.7226653
1551337758.3630834
1551337762.6627488
1551337814.929627
1551337844.0537267
1551337863.016113
1551337977.4621894
1551337992.921248
1551338002.9466076
1551338016.169093
1551338109.272889
1551338122.0417998
1551338125.2624717
1551338127.3662336
1551338143.6586695
1551338239.242841
1551338283.4920077
1551338288.2709618
1551338303.4264145
1551338316.4635735
1551338360.2427392
1551338368.9338934
1551338371.1452565
1551338373.0914216
1551338404.046418
1551338428.0431147
1551338454.0726385
1551338510.2033136
1551338522.5708177
1551338537.3959665
1551338548.7659063
1551338558.7844603
1551338580.6481352
1551338598.45316
1551338599.559718
1551338628.9790614
1551338650.5426297
1551338676.524218
1551338696.109902
1551338756.308704
1551338826.1236079
1551338840.8696816
1551338841.9305995
1551338852.843168
1551338853.9011335
1551338894.697531
1551338896.2904909
1551338904.997699
1551338907.5645065
1551338930.910183
1551338937.8143163
1551338949.871359
1551338960.9206421
1551338963.324194
1551338971.7236023
1551339014.3765357
1551339022.1277614
1551339026.7810314
1551339029.8820803
1551339041.9613538
1551339051.5470946
1551339062.5125813
1551339082.0319965
1551339092.8878887
1551339105.6148717
1551339120.0464962
1551339123.1845562
1551339135.310206
1551339146.9279158
1551339173.7257628
1551339233.678807
1551339246.0362394
1551339251.883131
1551339314.412133
1551339321.642882
1551339339.8229392
1551339356.434423
1551339392.2424107
1551339393.3442981
1551339399.408086
1551339400.4957182
1551339419.2407255
1551339447.8898702
1551339450.5205262
1551339468.8902624
1551339473.1607945
1551339478.3828013
1551339504.769725
1551339520.5210228
1551339546.4745424
1551339548.468318
1551339661.1320245
1551339685.726379
1551339695.75061
1551339712.7470634
1551339733.254727
1551339768.1234026
1551339946.6024427
1551340012.842692
1551340022.2778664
1551340036.686329
1551340050.92573
1551340067.5373044
1551340082.0969193
1551340134.5765827
1551340157.139811
1551340162.601801
1551340197.5809488
1551340227.4813926
1551340229.0479116
1551340259.7183883
1551340261.7763402
1551340271.7204406
1551340275.9712348
1551340297.72493
1551340301.0340207
1551340326.7000284
1551340361.6559415
1551340388.9078572
1551340441.002752
1551340448.1610837
1551340488.603116
1551340490.4102347
1551340491.4855075
1551340538.2336888
1551340551.7699904
1551340553.2819777
1551340558.033736
1551340568.4181745
1551340585.6167228
1551340591.8873053
1551340592.4249673
1551340605.7027884
1551340606.7623472
1551340616.7843409
1551340641.962038
1551340674.048071
1551340729.5796182
1551340737.5775442
1551340767.5411818
1551340777.5672107
1551340792.305726
1551340793.791265
1551340797.2442157
1551340799.4238594
1551340818.5994349
1551340825.7235987
1551340830.125588
1551340840.1478236
1551340871.4712007
1551340879.8549395
1551340893.3923724
1551340907.5672488
1551340910.6632998
1551340943.3417995
1551340967.006755
1551340985.5484214
1551340993.3266597
1551341003.9445405
1551341027.6395507
1551341030.511831
1551341030.5547945
1551341047.3750064
1551341047.4263256
1551341088.1993897
1551341098.831838
1551341100.5423992
1551341112.1879094
1551341127.2077367
1551341137.5529053
1551341145.4538624
1551341177.9047163
1551341204.132577
1551341207.3224761
1551341224.9985452
1551341228.279716
1551341251.3326497
1551341287.555443
1551341323.359817
1551341335.4913049
1551341360.2359118
1551341370.2617996
1551341388.6045883
1551341390.6589596
1551341418.4164548
1551341460.1250486
1551341516.86798
1551341524.2716408
1551341542.1238623
1551341553.607855
1551341576.759432
1551341587.7345054
1551341625.5219517
1551341644.2737134
1551341735.881327
1551341746.552502
1551341767.952874
1551341860.8163252
1551341870.840844
1551341873.7735066
1551341903.4376876
1551341908.6868317
1551341931.7221155
1551341940.1766617
1551341952.26976
1551341953.330939
1551341991.9471707
1551342006.258901
1551342036.9217443
1551342038.2793868
1551342057.7234316
1551342068.5967276
1551342088.90463
1551342094.6718194
1551342110.894736
1551342114.415942
1551342133.434372
1551342143.4600778
1551342171.7948172
1551342181.8212438
1551342238.5073016
1551342266.947022
1551342275.792155
1551342292.6487007
1551342317.8712904
1551342365.4845674
1551342369.5641613
1551342405.4887648
1551342406.5440242
1551342445.9377897
1551342491.8833897
1551342497.1040933
1551342515.3799212
1551342543.732175
1551342559.6353405
1551342606.8707175
1551342611.81895
1551342620.4278507
1551342643.4019253
1551342676.3223464
1551342676.3844326
1551342698.3805635
1551342705.0417478
1551342781.94541
1551342795.054144
1551342806.187433
1551342813.6413596
1551342817.6174328
1551342851.1197908
1551342861.1411104
1551342878.423517
1551342890.0032575
1551342908.8428564
1551342919.7243683
1551342929.745567
1551342972.957876
1551343019.6958146
1551343022.2602637
1551343124.2602115
1551343127.4288986
1551343136.2062945
1551343142.3644
1551343144.424216
1551343186.374997
1551343186.425671
1551343213.563608
1551343232.629938
1551343238.8368597
1551343263.9526062
1551343274.378601
1551343288.5225563
1551343294.8555155
1551343316.44911
1551343345.5820818
1551343388.6544623
1551343396.4006922
1551343414.292281
1551343438.6848736
1551343439.7998643
1551343457.7099433
1551343483.558519
1551343493.5851076
1551343494.1253252
1551343567.9540875
1551343586.2835221
1551343597.727406
1551343620.5935707
1551343665.2937357
1551343692.6544807
1551343710.2773414
1551343717.4862218
1551343749.972609
1551343762.052847
1551343763.8367276
1551343768.9751272
1551343771.1501958
1551343778.5766287
1551343790.7443209
1551343802.777631
1551343818.957971
1551343820.01487
1551343832.2375252
1551343871.4045646
1551343875.3352768
1551343893.2414823
1551343913.4702442
1551343929.2272563
1551343932.6063678
1551343935.5514836
1551343951.3218658
1551343953.7347217
1551343971.3405194
1551343998.1962812
1551344025.193195
1551344041.5486858
1551344041.5961928
1551344047.1012833
1551344078.9249299
1551344104.281269
1551344121.6763966
1551344160.781157
1551344185.6150544
1551344191.176732
1551344193.799377
1551344193.8436286
1551344274.9242098
1551344304.126925
1551344309.6896636
1551344418.8230553
1551344427.0865371
1551344438.2417629
1551344441.3881247
1551344466.943325
1551344474.6003118
1551344498.4187968
1551344500.2881632
1551344501.4075634
1551344523.4978135
1551344549.1875913
1551344568.6683667
1551344571.9713638
1551344621.4830792
1551344625.8363066
1551344640.055405
1551344658.3581364
1551344661.0617805
1551344670.191432
1551344694.9432917
1551344707.081525
1551344739.1477754
1551344796.9521923
1551344821.4054637
1551344838.6276817
1551344869.5025358
1551344900.0423822
1551344925.7273273
1551344949.8698077
1551345036.842198
1551345037.391092
1551345043.4593031
1551345087.8529296
1551345121.8720076
1551345131.4099061
