1552249641.8414671
1552249665.3128211
1552249685.8692393
1552249696.342161
1552249702.618644
1552249728.634178
1552249757.7228944
1552249759.6743715
1552249775.8021019
1552249780.755322
1552249791.2159297
1552249801.7317996
1552249809.458397
1552249824.0706513
1552249839.068473
1552249855.212648
1552249858.476488
1552249863.2959208
1552249866.7247257
1552249905.6759264
1552249937.6094368
1552249942.4057558
1552249955.5915194
1552249983.313179
1552249983.7596672
1552249993.5410016
1552250003.99078
1552250010.0188127
1552250027.7420392
1552250052.5517914
1552250054.519114
1552250062.3057215
1552250071.4416478
1552250098.973339
1552250111.0227149
1552250118.6596243
1552250123.3303385
1552250148.2177331
1552250160.1057138
1552250170.5770307
1552250172.5918348
1552250200.2683966
1552250219.6032593
1552250244.2674148
1552250257.548164
1552250263.8143468
1552250274.596711
1552250299.2896428
1552250342.7960517
1552250349.0476208
1552250362.1859398
1552250364.1931949
1552250394.4863105
1552250419.197581
1552250438.195356
1552250454.4716265
1552250460.7955413
1552250468.538614
1552250474.9270494
1552250502.5357144
1552250537.544923
1552250538.0107028
1552250597.9078064
1552250629.963902
1552250634.7763436
1552250638.038454
1552250648.5504007
1552250650.5137208
1552250655.2740889
1552250675.8307128
1552250686.263004
1552250729.3665855
1552250748.4187212
1552250767.5330336
1552250772.3249397
1552250774.3104641
1552250793.5257478
1552250806.5482688
1552250806.9655628
1552250810.6951642
1552250818.3152413
1552250823.1475723
1552250823.5577545
1552250836.120934
1552250843.7199407
1552250874.0750277
1552250877.4405866
1552250896.614295
1552250911.361844
1552250932.09488
1552250958.1342843
1552250972.7645204
1552250992.1563768
1552251023.933154
1552251027.3221197
1552251035.06546
1552251051.6680586
1552251064.8577576
1552251091.056093
1552251093.054369
1552251107.911445
1552251111.1922538
1552251116.0719616
1552251130.7247243
1552251138.4952595
1552251153.3516247
1552251179.6418788
1552251202.6912806
1552251219.1037118
1552251242.1288085
1552251256.7819533
1552251267.4002066
1552251267.8186193
1552251301.783403
1552251302.1936882
1552251304.6213703
1552251319.5609958
1552251327.1388443
1552251371.6624684
1552251380.7253582
1552251391.118709
1552251392.983768
1552251409.3595665
1552251412.6210768
1552251435.9611053
1552251449.470467
1552251476.9598687
1552251497.7057981
1552251504.2211766
1552251537.3460562
1552251540.7317793
1552251573.9999866
1552251578.6439848
1552251610.5578535
1552251618.2735631
1552251634.3754616
1552251640.4770782
1552251650.9413033
1552251664.2543938
1552251680.6706204
1552251705.5958197
1552251706.0130403
1552251719.8499217
1552251734.8938224
1552251765.4840152
1552251787.470818
1552251827.8248513
1552251851.1316848
1552251871.481622
1552251880.777716
1552251897.0012245
1552251901.8527198
1552251902.2728198
1552251917.483383
1552251946.5567553
1552251948.5391684
1552251962.0694733
1552251998.1917474
1552252022.9268026
1552252049.1539958
1552252063.8132946
1552252070.0764723
1552252077.5444973
1552252085.2651505
1552252108.6443849
1552252109.0982192
1552252112.9439373
1552252114.8660402
1552252118.2209175
1552252137.140654
1552252154.7445357
1552252171.4068954
1552252179.057109
1552252195.3113847
1552252210.2977889
1552252225.2605944
1552252238.6978807
1552252249.171709
1552252266.7286577
1552252272.757482
1552252309.4029646
1552252317.1388676
1552252327.801566
1552252328.2381115
1552252330.6936102
1552252334.0631247
1552252337.5695539
1552252342.2213721
1552252349.7739065
1552252366.0735445
1552252372.2870898
1552252374.2874906
1552252415.989614
1552252427.9005563
1552252453.8969839
1552252498.975397
1552252503.5722237
1552252516.8790174
1552252541.6962566
1552252557.8789024
1552252564.0143483
1552252564.5008352
1552252615.7362473
1552252623.289291
1552252631.0413542
1552252659.9741855
1552252726.2574756
1552252741.1478968
1552252743.0111527
1552252745.0257673
1552252749.8676949
1552252768.8542607
1552252769.26353
1552252788.693307
1552252796.3520784
1552252805.5910723
1552252808.9848459
1552252810.8611686
1552252819.9048877
1552252823.296825
1552252846.801223
1552252850.0965207
1552252878.0826666
1552252918.9675608
1552252942.8809996
1552252953.4169672
1552252953.8832588
1552252956.0803745
1552252961.3644438
1552252984.5941007
1552252985.0637271
1552252988.8403087
1552253006.5935178
1552253012.8675826
1552253020.648926
1552253025.4579308
1552253031.809423
1552253036.6962693
1552253055.7147822
1552253082.218786
1552253089.7679358
1552253090.1516683
1552253096.7820456
1552253124.4464488
1552253136.2869143
1552253139.756832
1552253140.1495717
1552253156.7870164
1552253185.8536325
1552253186.318213
1552253221.397231
1552253224.8365917
1552253249.8055446
1552253260.356543
1552253270.8815825
1552253279.8604329
1552253284.5578685
1552253308.1357641
1552253326.972619
1552253341.7796
1552253349.3878648
1552253355.8119323
1552253357.774023
1552253382.6730976
1552253386.0228112
1552253389.3649292
1552253391.2401905
1552253393.2374203
1552253399.5261955
1552253407.1842513
1552253430.3326597
1552253456.7278848
1552253457.146981
1552253466.554073
1552253472.8196735
1552253477.6451054
1552253485.3248782
1552253508.501272
1552253530.6111996
1552253530.9716237
1552253551.958
1552253562.3089323
1552253579.9816213
1552253580.4140553
1552253607.0213416
1552253624.745182
1552253636.7453725
1552253638.7812333
1552253660.9305909
1552253665.685085
1552253696.136835
1552253700.9131238
1552253747.570065
1552253758.0912204
1552253761.4948368
1552253764.7146893
1552253777.8681574
1552253778.3075628
1552253844.9812813
1552253859.8839366
1552253861.8640869
1552253868.1144557
1552253874.2847466
1552253878.977888
1552253882.3936417
1552253884.1727152
1552253899.1130626
1552253926.6883485
1552253928.7269626
1552253937.918906
1552253938.358372
1552253953.4859636
1552253959.9036713
1552253977.4629807
1552254029.1852548
1552254030.9921324
1552254035.8787963
1552254056.3587446
1552254062.6191404
1552254076.0488853
1552254092.2612774
1552254099.9918296
1552254103.424427
1552254115.2744784
1552254118.5561323
1552254120.4518068
1552254126.6460893
1552254127.0703728
1552254139.4464138
1552254145.691536
1552254167.5202382
1552254169.4769492
1552254178.7085273
1552254183.5354002
1552254206.4805548
1552254209.913326
1552254211.922924
1552254245.0253873
1552254251.2538772
1552254251.7275367
1552254258.3527482
1552254268.7989664
1552254270.8211374
1552254275.6944323
1552254281.9883986
1552254291.1170359
1552254295.8291564
1552254297.647948
1552254298.081964
1552254330.1827319
1552254364.7037911
1552254369.509892
1552254394.2559063
1552254413.3805456
1552254436.76352
1552254455.8412607
1552254457.8003607
1552254507.8930132
1552254543.997177
1552254547.3153112
1552254579.6201303
1552254581.6547713
1552254607.955076
1552254619.8920813
1552254628.9682188
1552254694.9701388
1552254702.5693111
1552254708.8191288
1552254715.0072138
1552254715.4498599
1552254724.8736603
1552254732.536802
1552254749.9960673
1552254756.213092
1552254779.2451072
1552254781.2043266
1552254785.969216
1552254813.3177543
1552254833.7583814
1552254844.3933394
1552254853.3565426
1552254869.685253
1552254874.4146674
1552254907.7162411
1552254913.8726847
1552254927.0011148
1552254985.997965
1552254990.8021238
1552254995.9925752
1552255021.941871
1552255071.348936
1552255086.1880825
1552255112.2686477
1552255112.6486804
1552255116.4449618
1552255118.328176
1552255133.156855
1552255182.452906
1552255186.053642
1552255196.3281236
1552255277.0692534
1552255278.9979475
1552255282.2525694
1552255308.6736975
1552255346.4712048
1552255387.2256832
1552255389.083401
1552255403.7864416
1552255425.583566
1552255431.9538658
1552255439.6304903
1552255454.4488783
1552255525.1418347
1552255527.0439074
1552255574.4043033
1552255579.1264436
1552255641.2434328
1552255644.502809
1552255644.9497626
1552255667.1564095
1552255694.728708
1552255700.9625711
1552255717.188971
1552255720.4271104
1552255726.6136024
1552255757.056192
1552255769.1019216
1552255772.5609894
1552255774.430381
1552255796.9242172
1552255811.7956915
1552255832.2200778
1552255832.6127725
1552255835.1411998
1552255837.1277366
1552255851.7350414
1552255879.115734
1552255896.8426259
1552255902.0615563
1552255905.4064455
1552255925.8967974
1552255933.606453
1552255945.768299
1552255967.5489323
1552256005.4450564
1552256025.8852396
1552256062.1806042
1552256078.5574718
1552256080.4859004
1552256085.3263495
1552256108.664761
1552256109.1245325
1552256115.7590559
1552256137.7859602
1552256145.2315142
1552256171.5892959
1552256186.2338886
1552256193.9353364
1552256215.89848
1552256219.4753656
1552256235.5113344
1552256244.5310946
1552256249.3233721
1552256254.120768
1552256270.3562276
1552256290.7369099
1552256301.1444876
1552256324.1761606
1552256344.823593
1552256349.64278
1552256374.2674916
1552256408.9881854
1552256413.8179
1552256424.5202003
1552256443.8221097
1552256444.2140946
1552256453.8584378
1552256464.5720668
1552256466.4646106
1552256483.0150354
1552256507.9985588
1552256515.607342
1552256551.0409672
1552256560.124672
1552256569.3731983
1552256582.767295
1552256589.0422986
1552256629.5229375
1552256644.292016
1552256646.2979527
1552256667.1704786
1552256690.7049868
1552256702.5368009
1552256708.717594
1552256744.7238908
1552256753.7223027
1552256784.201256
1552256797.5409591
1552256853.6239662
1552256887.0986814
1552256906.0506384
1552256915.2252789
1552256934.649205
1552256952.1985917
1552256971.1718848
1552256975.8948886
1552256985.050142
1552256985.4631062
1552256997.7840397
1552257028.3220541
1552257030.1584136
1552257030.5449562
1552257035.7973516
1552257060.5302
1552257071.0144343
1552257074.4059389
1552257087.6555495
1552257119.5180924
1552257128.5988555
1552257136.1262708
1552257136.5558844
1552257150.4468098
1552257153.795846
1552257164.3992321
1552257180.6028209
1552257193.9151592
1552257201.5423903
1552257271.8376784
1552257289.719759
1552257294.642973
1552257316.3809726
1552257321.1112728
1552257321.5601099
1552257331.0538707
1552257338.7168977
1552257342.0384877
1552257344.0709777
1552257372.9913208
1552257382.0964437
1552257396.9351473
1552257420.1238966
1552257437.9646924
1552257444.0634966
1552257450.1852934
1552257456.3274715
1552257462.532285
1552257502.8354688
1552257503.273802
1552257522.9660554
1552257524.8302004
1552257525.2222462
1552257527.6548042
1552257532.3910918
1552257540.112174
1552257550.6095984
1552257553.9232082
1552257567.5027938
1552257576.573855
1552257634.1231763
1552257664.5281978
1552257721.7710314
1552257729.3782108
1552257738.3677661
1552257751.674244
1552257754.9827213
1552257763.9305573
1552257768.7385333
1552257769.1648824
1552257793.0879824
1552257808.061999
1552257834.3613794
1552257839.0906744
1552257843.742148
1552257847.175059
1552257863.2805247
1552257872.2184908
1552257891.258687
1552257898.8653355
1552257919.3460307
1552257926.8632278
1552257927.285528
1552257938.037728
1552257982.6856582
1552257990.2885845
1552257994.9626293
1552258017.0059476
1552258027.4519274
1552258066.5763414
1552258091.1739454
1552258093.1215441
1552258107.892787
1552258111.2009025
1552258121.6306224
1552258125.0099738
1552258138.276275
1552258159.825012
1552258163.1888514
1552258177.989333
1552258178.3914573
1552258186.4268084
1552258189.7248268
1552258197.2575912
1552258257.8525016
1552258321.5848458
1552258326.4519448
1552258346.8226693
1552258352.7934601
1552258356.1977258
1552258373.723926
1552258384.1433136
1552258397.6629314
1552258406.740304
1552258421.687198
1552258443.5618644
1552258445.5246162
1552258461.913268
1552258469.6616876
1552258472.973077
1552258474.9467556
1552258576.679362
1552258601.470868
1552258610.6076295
1552258615.39785
1552258624.4693193
1552258627.777201
1552258643.7365732
1552258645.6888692
1552258649.0242739
1552258651.099567
1552258658.8430865
1552258702.5720334
1552258727.5386517
1552258733.6540596
1552258742.7181075
1552258768.9132674
1552258770.9872174
1552258784.3288658
1552258787.711145
1552258796.7436156
1552258801.428914
1552258807.708366
1552258822.4478996
1552258851.569159
1552258872.161987
1552258875.4327574
1552258878.879536
1552258883.619574
1552258901.1391783
1552258907.316907
1552258919.2330678
1552258934.0124435
1552258997.1177695
1552259014.778184
1552259064.0913923
1552259067.502139
1552259130.6865876
1552259132.600609
1552259143.0979352
1552259156.5080109
1552259156.8910186
1552259162.2074766
1552259174.3390446
1552259179.188168
1552259181.0656183
1552259194.3941853
1552259220.6597035
1552259252.8021643
1552259264.8474817
1552259268.3137422
1552259288.9189684
1552259290.6950126
1552259306.9605725
1552259310.2840958
1552259348.4034178
1552259373.3135178
1552259396.697555
1552259398.705702
1552259407.7348447
1552259492.6860332
1552259496.0505674
1552259509.3943753
1552259551.360364
1552259560.5229554
1552259563.9210057
1552259567.3240755
1552259580.8153422
1552259597.1075912
1552259619.2583783
1552259632.8718202
1552259650.4194517
1552259659.3562264
1552259701.0065985
1552259733.2316587
1552259737.9835382
1552259744.2797499
1552259808.9646952
1552259818.0716972
1552259834.428028
1552259885.1817677
1552259915.5588074
1552259920.2623768
1552259926.5778484
1552259948.662317
1552259949.086013
1552259960.171608
1552260012.3373113
1552260017.077325
1552260024.8014476
1552260031.0864043
1552260037.362286
1552260042.0975626
1552260045.5400753
1552260063.2843723
1552260063.7141213
1552260080.8327281
1552260081.21653
1552260084.9874606
1552260099.599767
1552260102.918996
1552260112.0280092
1552260122.699551
1552260131.6899254
1552260175.630874
1552260180.3368301
1552260189.2665663
1552260191.2009647
1552260216.175311
1552260222.4370024
1552260225.7772996
1552260236.3810444
1552260238.3337412
1552260241.9734066
1552260264.382403
1552260283.4726868
1552260296.5866923
1552260308.7472887
1552260310.7056797
1552260315.778109
1552260329.1911306
1552260329.587677
1552260357.8462708
1552260385.5688899
1552260391.787034
1552260400.8362117
1552260407.0811715
1552260427.626332
1552260431.0021207
1552260441.3910322
1552260450.6094034
1552260451.011063
1552260456.3938494
1552260468.2502549
1552260474.618895
1552260481.1658275
1552260484.4854348
1552260496.4904997
1552260502.7061489
1552260503.082291
1552260531.1593444
1552260557.1702538
1552260559.0799127
1552260565.2878962
1552260568.697364
1552260596.344844
1552260601.0896409
1552260622.9986293
1552260637.8587642
1552260638.3015385
1552260643.5331688
1552260659.507573
1552260771.461403
1552260771.8986912
1552260774.4515128
1552260807.69122
1552260858.0843499
1552260869.9981484
1552260871.990288
1552260883.9562902
1552260884.394292
1552260905.3326068
1552260908.7174175
1552260917.7117474
1552260938.1876323
1552260955.9558227
1552260963.6972504
1552260983.0349402
1552260986.4928849
1552260998.4007788
1552261001.8839376
1552261002.306813
1552261014.714573
1552261026.8412619
1552261063.138844
1552261085.0471556
1552261095.5394423
1552261099.0010502
1552261099.393346
1552261108.904188
1552261120.5286121
1552261139.698625
1552261147.9298563
1552261171.3708463
1552261180.4184148
1552261198.0170772
1552261199.950453
1552261203.4027941
1552261235.238215
1552261244.210442
1552261251.9744298
1552261262.5396082
1552261297.4453864
1552261307.9957283
1552261342.4208672
1552261350.2543738
1552261367.6674469
1552261392.5624604
1552261427.39321
1552261436.4368815
1552261495.2857687
1552261502.9942822
1552261506.40132
1552261541.0554616
1552261554.4414997
1552261556.3016682
1552261571.2295694
1552261574.5776415
1552261576.5989923
1552261589.9417691
1552261606.2071714
1552261618.1034074
1552261625.7207077
1552261656.1128688
1552261660.950348
1552261667.1196804
1552261677.655226
1552261679.6387434
1552261691.4266508
1552261703.228256
1552261706.4790678
1552261724.1496122
1552261726.0067365
1552261746.4897597
1552261752.5724516
1552261765.8300643
1552261767.7697163
1552261797.0387197
1552261801.9121563
1552261821.0605524
1552261841.660424
1552261847.6924806
1552261885.385818
1552261887.4126961
1552261934.248757
1552261941.8592615
1552261949.3879046
1552261961.4825118
1552262006.2824266
1552262020.9268775
1552262072.8067698
1552262078.8525329
1552262095.1249063
1552262130.3193502
1552262157.639678
1552262162.4212952
1552262200.2662337
1552262263.9068146
1552262284.35752
1552262312.2108092
1552262321.3102221
1552262328.9462996
1552262342.4068112
1552262369.889446
1552262373.2206805
1552262376.6734967
1552262404.170061
1552262404.564796
1552262418.517722
1552262436.1920962
1552262453.8336568
1552262472.870384
1552262477.6159132
1552262492.362373
1552262528.709072
1552262569.2379766
1552262608.5945592
1552262619.224438
1552262635.3796337
1552262635.7996237
1552262655.2839124
1552262657.2766948
1552262693.6034513
1552262706.9105039
1552262717.5198357
1552262719.5812857
1552262759.9532425
1552262761.7968912
1552262770.8010044
1552262787.0153503
1552262804.707288
1552262822.3050592
1552262835.6115232
1552262854.7404594
1552262886.7831562
1552262894.4437075
1552262904.9953597
1552262915.5556545
1552262921.7505002
1552262958.3929186
1552262963.3012662
1552262993.684896
1552263015.6828742
1552263020.4366677
1552263023.8028703
1552263061.5533328
1552263064.8792362
1552263075.325663
1552263117.2351694
1552263120.5319862
1552263132.3198066
1552263135.72998
1552263149.2050931
1552263158.4352405
1552263160.3812156
1552263183.874118
1552263187.309451
1552263203.6408966
1552263205.6105525
1552263216.0656219
1552263219.5022497
