1551271216.122
1551271230.5808663
1551271283.8727565
1551271304.7509959
1551271317.773989
1551271345.497909
1551271396.2826667
1551271428.1033907
1551271430.887931
1551271432.474902
1551271481.3300078
1551271501.8570683
1551271503.4055042
1551271521.6282516
1551271545.2334611
1551271551.6022336
1551271557.9182856
1551271559.0030258
1551271594.957817
1551271595.0101602
1551271615.9643679
1551271631.4842405
1551271669.0701144
1551271672.7842581
1551271677.7123463
1551271699.3128238
1551271702.618898
1551271715.3588548
1551271757.4224763
1551271768.5065126
1551271781.6101499
1551271799.9521878
1551271822.2921453
1551271828.9321167
1551271854.0317397
1551271865.0699127
1551271881.4011471
1551271891.1589088
1551271895.0041666
1551271906.8433614
1551271921.4795802
1551271936.923124
1551271962.1336133
1551272023.0235581
1551272096.9006248
1551272106.3713121
1551272126.286027
1551272137.327498
1551272172.8274605
1551272182.8289094
1551272213.3263543
1551272223.3201191
1551272226.5266552
1551272247.0139174
1551272253.6411722
1551272285.7773237
1551272319.6967883
1551272371.1503851
1551272392.343376
1551272401.680857
1551272436.3365686
1551272441.887484
1551272444.1153104
1551272464.166887
1551272482.6824338
1551272508.2068188
1551272539.307308
1551272573.71979
1551272609.6431737
1551272611.8108342
1551272621.7928703
1551272629.7325692
1551272667.4079897
1551272685.7267544
1551272687.8542721
1551272733.7754588
1551272794.8546212
1551272814.7600508
1551272835.278901
1551272874.256233
1551272904.9743977
1551272907.1478934
1551272916.5248852
1551272921.879717
1551272957.6066558
1551272985.0774765
1551272992.1290996
1551273017.1649299
1551273017.2185702
1551273042.1210752
1551273056.2054417
1551273058.688191
1551273074.2021198
1551273089.8789682
1551273095.2469947
1551273111.5167503
1551273135.871012
1551273175.9775288
1551273195.1188438
1551273198.0362282
1551273202.383142
1551273222.3706954
1551273295.5987053
1551273298.7645175
1551273309.1656952
1551273336.129114
1551273342.6821306
1551273355.4845006
1551273358.9245727
1551273370.3404677
1551273409.4856467
1551273491.7362356
1551273509.9840164
1551273526.6015086
1551273532.2640586
1551273538.1181273
1551273543.000557
1551273572.0827844
1551273574.2126117
1551273599.3853261
1551273646.7693586
1551273657.2281816
1551273662.383654
1551273669.7483857
1551273691.7874508
1551273711.8734014
1551273749.8846707
1551273758.682614
1551273773.3151178
1551273808.3663826
1551273809.4245765
1551273835.6880403
1551273856.2006934
1551273900.5206435
1551273908.5224583
1551273928.9002428
1551273953.0715256
1551273954.6797507
1551273962.60687
1551273963.7242484
1551273975.6208508
1551274007.2312317
1551274008.3008773
1551274032.8163083
1551274061.1690664
1551274082.825709
1551274091.5571022
1551274124.307741
1551274141.739394
1551274158.1906323
1551274198.2128086
1551274212.6494212
1551274240.750927
1551274274.988527
1551274281.1054704
1551274287.7460356
1551274288.8441849
1551274291.0185173
1551274293.7495468
1551274294.8408928
1551274306.5229495
1551274343.466843
1551274363.2729564
1551274397.39205
1551274403.698134
1551274404.7499986
1551274415.8910418
1551274448.6533804
1551274463.3115637
1551274480.4484255
1551274490.4759982
1551274509.9511523
1551274513.3941934
1551274543.0513754
1551274623.6458285
1551274627.8892076
1551274649.056748
1551274665.383643
1551274665.4330223
1551274687.5633779
1551274707.0657318
1551274750.6825325
1551274768.6956253
1551274800.1743367
1551274803.9362278
1551274818.5564435
1551274850.1253653
1551274851.1857116
1551274867.3117635
1551274867.3593752
1551274883.6408603
1551274888.3680294
1551274898.395672
1551274987.7216663
1551274999.4102037
1551275000.8625138
1551275018.7640007
1551275033.1827378
1551275034.2535076
1551275054.6382363
1551275089.449453
1551275151.760613
1551275186.793811
1551275214.9275074
1551275214.9988337
1551275223.3232908
1551275241.2544532
1551275246.2221348
1551275259.4661024
1551275260.6042266
1551275363.9680758
1551275382.3500142
1551275400.9437275
1551275429.08453
1551275446.2870076
1551275485.3300781
1551275502.2060347
1551275522.1199026
1551275524.3050966
1551275544.0195029
1551275551.6903205
1551275568.9207783
1551275586.496673
1551275588.9301298
1551275588.9803016
1551275593.4815478
1551275626.920363
1551275639.69621
1551275678.2864685
1551275733.1614633
1551275757.5587368
1551275775.887296
1551275821.7739038
1551275839.6606073
1551275863.4085083
1551275884.7756648
1551275890.8201811
1551275922.453052
1551275963.8541172
1551276017.3015327
1551276063.0675514
1551276065.1359198
1551276128.9275932
1551276170.1276972
1551276179.270945
1551276208.4633172
1551276244.969944
1551276258.2053342
1551276263.5618918
1551276283.4718952
1551276313.725673
1551276316.3646796
1551276322.7050786
1551276338.1324685
1551276345.4859965
1551276380.4446065
1551276396.9219608
1551276428.4926944
1551276429.9084656
1551276447.980495
1551276455.4817362
1551276468.76504
1551276501.0732431
1551276552.0537534
1551276612.847252
1551276620.4421542
1551276621.9975293
1551276630.6643455
1551276663.758894
1551276665.4258356
1551276668.6845758
1551276688.3010907
1551276700.4442866
1551276700.4896026
1551276708.9100795
1551276733.389278
1551276740.624215
1551276750.6522553
1551276772.3729434
1551276829.7747152
1551276887.504366
1551276902.4650962
1551276912.9770312
1551276937.3961294
1551276981.4000359
1551276994.6378708
1551277031.8813884
1551277037.74329
1551277051.3993003
1551277052.772052
1551277099.8870444
1551277137.1553829
1551277175.802787
1551277191.7281806
1551277206.4809291
1551277265.7929633
1551277268.171869
1551277317.1695957
1551277321.6538954
1551277336.2798297
1551277364.0222044
1551277398.6167593
1551277405.1596894
1551277451.1756172
1551277505.139187
1551277507.7910442
1551277553.2346034
1551277569.9932725
1551277573.358247
1551277638.2926936
1551277647.733695
1551277658.7628624
1551277667.0363858
1551277670.4811485
1551277698.2487385
1551277713.2433639
1551277732.6494396
1551277735.4272482
1551277737.5763712
1551277740.9305897
1551277745.1885786
1551277778.5128393
1551277796.1204224
1551277811.799846
1551277815.0052583
1551277816.5522122
1551277822.96178
1551277848.9210367
1551277879.0145104
1551277889.7103612
1551277918.508461
1551277937.0410888
1551277954.3652718
1551277957.5609748
1551277964.1084135
1551277980.1765811
1551277980.2228012
1551277985.0018706
1551278002.6057103
1551278007.2133937
1551278032.5676885
1551278039.3119645
1551278053.2260313
1551278057.4084609
1551278096.7634654
1551278107.320765
1551278166.1633582
1551278195.304273
1551278215.4038236
1551278216.9431767
1551278242.0460997
1551278252.4359033
1551278259.6948426
1551278281.5493402
1551278301.5789578
1551278329.6684813
1551278344.1471758
1551278365.6580162
1551278445.0153449
1551278449.3368254
1551278459.362572
1551278488.5905619
1551278505.2489474
1551278510.511927
1551278520.1440947
1551278527.4035368
1551278546.2054446
1551278568.365764
1551278586.7364225
1551278600.910477
1551278709.805069
1551278718.8321106
1551278780.2848215
1551278791.2467542
1551278813.560623
1551278823.4393647
1551278849.4846735
1551278852.8085613
1551278899.21751
1551278918.6399922
1551278942.5770895
1551278963.7913473
1551278974.8765006
1551278996.4950848
1551279016.2856293
1551279026.3065777
1551279038.508521
1551279057.1674461
1551279057.2158303
1551279070.375847
1551279095.083538
1551279095.1354713
1551279096.6100106
1551279121.3237302
1551279137.133084
1551279138.5626307
1551279140.039232
1551279150.0641158
1551279157.6914682
1551279170.4778495
1551279180.4995663
1551279217.8717718
1551279245.6761444
1551279255.0523274
1551279276.402112
1551279302.601799
1551279312.58893
1551279318.4143705
1551279331.1491723
1551279331.2064838
1551279349.7684622
1551279381.0955431
1551279407.1194186
1551279425.197356
1551279435.0376418
1551279436.6480305
1551279440.1089647
1551279455.9357994
1551279456.006597
1551279508.76145
1551279515.2156277
1551279573.0233126
1551279615.8823905
1551279649.3606584
1551279652.4971347
1551279664.596043
1551279692.4777205
1551279708.864097
1551279712.2827451
1551279732.9631882
1551279733.0412338
1551279763.1515417
1551279771.8574023
1551279779.494854
1551279788.2836971
1551279795.5612345
1551279801.3221686
1551279801.3706462
1551279809.4526372
1551279874.044987
1551279874.0939755
1551279913.9765003
1551279951.163721
1551279952.3004754
1551279974.7237005
1551279986.3580887
1551280000.6030004
1551280020.925888
1551280025.6391637
1551280028.7172916
1551280067.0836372
1551280103.2172565
1551280129.39347
1551280147.5665138
1551280170.1387532
1551280180.1646965
1551280184.3352947
1551280217.0050514
1551280232.4011512
1551280258.8190696
1551280265.6168873
1551280274.0951226
1551280299.5581234
1551280313.4238288
1551280348.5233212
1551280350.7539864
1551280461.7237098
1551280484.2500434
1551280487.400662
1551280526.8417325
1551280535.3233452
1551280547.1538632
1551280551.5601275
1551280573.1602647
1551280573.2346158
1551280574.8006616
1551280580.3666353
1551280602.2196758
1551280607.9681883
1551280637.9330218
1551280680.4464128
1551280691.4909925
1551280718.9198475
1551280735.2989187
1551280748.114378
1551280762.5254817
1551280768.8446054
1551280804.8446276
1551280842.8311067
1551280848.1097064
1551280857.1227598
1551280881.8888633
1551280891.7576933
1551280908.4436834
1551280920.9064186
1551280990.5765417
1551281001.61441
1551281014.8403802
1551281016.9967334
1551281074.6812086
1551281080.9726546
1551281110.0010285
1551281182.1900969
1551281197.394083
1551281218.4606588
1551281286.2579563
1551281290.4157984
1551281303.250684
1551281308.2436182
1551281393.390688
1551281414.430458
1551281424.4545422
1551281460.4503691
1551281482.957548
1551281485.1832473
1551281486.7957675
1551281565.4925456
1551281621.7547493
1551281648.0439403
1551281652.6565428
1551281658.0935533
1551281678.74988
1551281697.0603187
1551281698.435052
1551281716.5903056
1551281726.6078393
1551281738.6061733
1551281748.6254
1551281751.3224893
1551281755.5750313
1551281763.9830751
1551281780.2373383
1551281815.7220285
1551281818.2862525
1551281840.0397763
1551281855.2127526
1551281884.9258435
1551281888.6073694
1551281914.5113049
1551281937.7251031
1551281940.9204693
1551281949.7258985
1551281953.0776854
1551281973.9674022
1551281989.072297
1551281999.2423098
1551282003.3240056
1551282108.2683156
1551282113.5578644
1551282132.684148
1551282160.0453966
1551282190.0447583
1551282220.6020648
1551282235.0534773
1551282272.3731925
1551282319.2136407
1551282328.206121
1551282347.8946052
1551282371.8890254
1551282419.3086455
1551282424.923533
1551282426.0482323
1551282429.1406868
1551282443.6861012
1551282448.1230688
1551282499.37689
1551282525.7760587
1551282546.618288
1551282549.8317494
1551282567.4051142
1551282578.023993
1551282578.0665927
1551282601.4082446
1551282634.317752
1551282667.6465993
1551282748.1255147
1551282748.1992335
1551282752.2828383
1551282768.6710804
1551282810.5231504
1551282810.5742755
1551282831.898775
1551282832.9722886
1551282852.9399996
1551282853.0125396
1551282864.218927
1551282899.8067493
1551282919.2311587
1551282950.2832937
1551282984.8795915
1551283012.6868298
1551283022.7073305
1551283053.8851418
1551283094.0377195
1551283102.508682
1551283103.5991745
1551283141.241675
1551283184.0476377
1551283186.2128692
1551283194.6841145
1551283255.4988196
1551283269.1947887
1551283295.5922623
1551283328.8758805
1551283345.4554105
1551283354.9231746
1551283374.0650291
1551283377.2279565
1551283389.522119
1551283416.3607175
1551283437.6417084
1551283438.7027786
1551283462.8908608
1551283484.3646455
1551283486.5405645
1551283516.3381395
1551283521.7431784
1551283558.126488
1551283609.2941809
1551283631.0079477
1551283636.2740219
1551283646.293338
1551283670.077977
1551283694.3492448
1551283742.4432387
1551283798.103426
1551283852.5397055
1551283911.410709
1551283924.5185304
1551283930.84549
1551283942.9230173
1551283963.7930658
1551284000.2351112
1551284006.6025167
1551284019.4724963
1551284044.5208101
1551284058.0400794
1551284070.002509
1551284073.0986605
1551284085.1347263
1551284097.2005904
1551284117.456374
1551284130.6954856
1551284133.909681
1551284161.8056176
1551284162.9190614
1551284186.923553
1551284206.7983482
1551284245.1651914
1551284248.522289
1551284288.4967546
1551284308.430086
1551284318.4495897
1551284332.6027462
1551284346.2213674
1551284351.852006
1551284369.88072
1551284429.297228
1551284449.0036294
1551284467.311152
1551284516.5336921
1551284526.5578442
1551284551.3285873
1551284552.6540492
1551284567.1511874
1551284571.6436222
1551284589.2559648
1551284596.798626
1551284614.328076
1551284624.3485608
1551284655.3230643
1551284663.378216
1551284714.7363002
1551284724.2064278
1551284744.84488
1551284757.9842525
1551284780.5346122
1551284794.3496594
1551284794.4566286
1551284804.845871
1551284831.8865948
1551284850.344941
1551284852.4319892
1551284858.694344
1551284869.5170248
1551284906.4465911
1551284925.4031184
1551284940.199289
1551284949.2674425
1551284969.1991801
1551284978.0654478
1551284987.6697822
1551285009.2440333
1551285045.814258
1551285058.1864877
1551285059.3257177
1551285066.0524802
1551285069.4935465
1551285122.465096
1551285139.8818114
1551285140.9997659
1551285156.6000803
1551285181.132771
1551285183.3750415
1551285185.6451952
1551285197.71407
1551285199.5147154
1551285202.6819904
1551285226.2164202
1551285228.3800197
1551285229.488807
1551285229.7803671
1551285237.4128268
1551285238.52769
1551285255.855071
1551285285.3247466
1551285321.2988296
1551285335.5616982
1551285364.2054515
1551285421.3464692
1551285438.2229092
1551285442.508919
1551285491.3097355
1551285500.8631988
1551285520.8702705
1551285544.7719333
1551285546.896295
1551285560.5283751
1551285567.1218328
1551285570.5684354
1551285575.7998002
1551285616.0496347
1551285629.6144567
1551285645.4278474
1551285664.919848
1551285675.5668464
1551285694.9255579
1551285738.1913235
1551285741.4424603
1551285741.5167332
1551285773.4560127
1551285774.9216707
1551285774.9732094
1551285784.9949927
1551285789.5622823
1551285815.7267962
1551285835.2427752
1551285846.6088674
1551285846.6703687
1551285880.0330365
1551285908.0133324
1551285975.48609
1551285977.9349751
1551286011.332174
1551286044.0545404
1551286115.96786
1551286152.4653924
1551286160.9360077
1551286197.7310092
1551286240.490371
1551286245.1004677
1551286280.448599
1551286280.7507007
1551286314.6731691
1551286341.9739032
1551286359.0837433
1551286374.3019922
1551286384.329405
1551286431.4818175
1551286431.52534
1551286448.9272757
1551286482.9608643
1551286501.340662
1551286515.0817685
1551286518.8097413
1551286555.4736924
1551286568.6775393
1551286591.8551362
1551286600.449131
1551286614.5959818
1551286663.0841467
1551286663.2158272
1551286667.1822543
1551286677.5664716
1551286680.846127
1551286704.3545856
1551286731.4667609
1551286815.2170825
1551286819.4948716
1551286832.56119
1551286893.9317572
1551286906.9894438
1551286931.560703
1551286992.3643677
1551287050.8616672
1551287051.1620688
1551287063.5359244
1551287079.8248904
1551287091.1901019
1551287106.6694667
1551287142.2774673
1551287157.9719381
1551287216.5239
1551287233.094033
1551287268.2813642
1551287303.0165343
1551287334.7662508
1551287408.1237977
1551287418.1456697
1551287501.6182816
1551287502.6819406
1551287533.7083213
1551287569.6513062
1551287584.8794546
1551287588.6817143
1551287644.8456779
1551287656.9996305
1551287677.4841962
1551287679.6371539
1551287701.037416
1551287713.722737
1551287731.1095603
1551287736.6994452
1551287756.7204397
1551287760.9130723
1551287783.483814
1551287801.4026866
1551287822.2176874
1551287832.244458
1551287908.8131576
1551287911.9658663
1551287922.444738
1551287932.4677186
1551287974.7452092
1551287974.817289
1551287987.0985425
1551287990.3219705
1551288003.7190664
1551288012.5287263
1551288035.3070416
1551288056.9443278
1551288067.981805
1551288070.0906682
1551288080.1106539
1551288088.7669086
1551288103.1183872
1551288121.5718524
1551288140.6038923
1551288178.7637255
1551288185.3232663
1551288200.2033231
1551288217.3568597
1551288234.5735595
1551288292.445737
1551288292.7394516
1551288319.5345562
1551288343.0069966
1551288357.9021084
1551288373.2576566
1551288378.8201475
1551288397.0860128
1551288397.2152405
1551288426.9234917
1551288426.9997346
1551288506.8931644
1551288522.3148315
1551288552.4007576
1551288580.8557742
1551288610.7012339
1551288643.6295912
1551288709.8389568
1551288858.1283164
1551288897.93411
1551288912.1075833
1551288912.1560805
1551288938.5139945
1551288950.2757685
1551288971.168763
1551288988.4610965
1551288996.1645122
1551289027.530867
1551289032.0801182
1551289037.404125
1551289057.0411615
1551289065.330644
1551289089.529019
1551289147.536316
1551289153.420246
1551289163.441044
1551289227.7223222
1551289232.7589767
1551289234.829317
1551289238.928818
1551289247.3272674
1551289261.5667
1551289270.7355733
1551289274.760644
1551289310.7001905
1551289334.349899
1551289338.9188533
1551289352.2198982
1551289393.373474
1551289399.7248216
1551289419.801019
1551289433.645791
1551289434.193675
1551289442.038613
1551289444.78035
1551289456.8384817
1551289459.1171346
1551289459.4109142
1551289466.405119
1551289475.653877
1551289490.1634884
1551289494.5341043
1551289504.9372678
1551289508.6174688
1551289546.3622177
1551289593.798492
1551289617.2626505
1551289700.2438595
1551289733.323478
1551289755.3248096
1551289772.7493315
1551289772.8016517
1551289790.4488096
1551289800.4727643
1551289830.0423114
1551289887.9509444
1551289947.1510422
1551289961.487671
1551289999.2052047
1551290021.5838864
1551290055.803765
1551290071.384492
1551290081.105551
1551290098.1568856
1551290123.9635584
1551290125.367656
1551290152.4660494
1551290173.881388
1551290198.287295
1551290219.802551
1551290221.40245
1551290226.762283
1551290234.2013664
1551290257.738585
1551290263.3213964
1551290264.3986516
1551290264.4525502
1551290293.1576746
1551290319.2205758
1551290329.9029906
1551290335.4375665
1551290390.6275222
1551290406.279666
1551290412.5252542
1551290471.0883143
1551290471.1457226
1551290511.5361648
1551290527.0040202
1551290576.8427951
1551290595.7917743
1551290615.9610007
1551290676.9144895
1551290681.7212782
1551290690.4157312
1551290696.673433
1551290701.2286355
1551290715.8225908
1551290744.2878265
1551290774.506995
1551290774.585218
1551290786.672839
1551290830.4584475
1551290842.2028859
1551290856.2849736
1551290871.735503
1551290917.5579336
1551290928.5904174
1551290973.8836498
1551290996.6893137
1551291024.7846172
1551291032.2073038
1551291043.2442453
1551291061.5535717
1551291078.9366665
1551291126.2599356
1551291130.551127
1551291162.4774613
1551291165.8735862
1551291165.9239225
1551291209.0812595
1551291216.7735004
1551291241.9323564
1551291261.138151
1551291287.6619048
1551291297.4581342
1551291322.926397
1551291328.3326242
1551291351.0804126
1551291351.1526859
1551291367.5634446
1551291407.4042084
1551291444.6876736
1551291452.2956576
1551291467.3961248
1551291482.3506129
1551291494.6865897
1551291511.8850088
1551291519.3189187
1551291541.2501595
1551291558.041403
1551291583.2472806
1551291590.2877784
1551291613.8886638
1551291615.0239322
1551291650.6400714
1551291655.8853946
1551291710.4188175
1551291711.4834368
1551291734.6841252
1551291773.0359075
1551291783.0582857
1551291818.344158
1551291828.3682368
1551291873.4034822
1551291897.2342925
1551291937.2303367
1551291954.5485191
1551291957.5845914
1551291984.6544273
1551291994.6771064
1551292019.0503907
1551292024.0406003
1551292101.802931
1551292113.0065207
1551292151.151851
1551292151.1980782
1551292161.3914435
1551292234.6837234
1551292237.8865037
1551292263.0566158
1551292279.4033475
1551292292.8426297
1551292311.3440344
1551292325.482407
1551292346.9887772
1551292398.362306
1551292412.5974908
1551292428.913377
1551292448.530231
1551292456.3654783
1551292470.2941322
1551292493.4849558
1551292515.3242817
1551292525.3468063
1551292543.7276304
1551292546.1870828
1551292627.1689897
1551292648.5939915
1551292659.4462283
1551292664.9104428
1551292677.9645925
1551292692.2392375
1551292693.6013677
1551292727.2091298
1551292749.6374006
1551292765.4837008
1551292782.9583578
1551292838.1265407
1551292839.2161453
1551292860.3975286
1551292898.8608005
1551292902.0452163
1551292913.494241
1551292952.4328516
1551292978.604287
1551292991.3230221
1551293116.7752733
1551293132.2205603
1551293143.303746
1551293169.6407309
1551293178.2827322
1551293199.603764
1551293210.2089405
1551293245.327559
1551293247.473534
1551293295.5636165
1551293318.7068589
1551293328.5920725
1551293334.1233916
1551293345.161161
1551293345.2407553
1551293395.693591
1551293412.0820725
1551293450.843086
1551293462.5131881
1551293493.9605033
1551293537.7291083
1551293548.811468
1551293555.2992916
1551293557.65276
1551293562.5262034
1551293591.0196273
1551293663.7214518
1551293700.5329397
1551293704.751702
1551293734.687325
1551293739.2108426
1551293790.6032257
1551293790.660342
1551293803.4009566
1551293828.9747818
1551293878.0947645
1551293897.085958
1551293898.6236103
1551293905.6663556
1551293936.2801282
1551293942.2775495
1551293945.457426
1551293961.8802934
1551293980.284912
1551293985.8075044
1551293999.8855965
1551294012.366173
1551294051.393911
1551294079.215203
1551294136.5886946
1551294136.6442773
1551294137.367332
1551294149.6366224
1551294151.023045
1551294209.431487
1551294210.7653003
1551294214.9224448
1551294225.3584137
1551294253.7246616
1551294254.8436592
1551294264.8667202
1551294305.26139
1551294317.2442327
1551294346.299871
1551294359.0075943
1551294418.8415475
1551294428.867681
1551294439.0860012
1551294451.2996855
1551294458.9638906
1551294487.1772864
1551294492.7645473
1551294494.1122644
1551294504.0164406
1551294522.608424
1551294591.8034031
1551294597.6419768
1551294617.4984527
1551294622.6504622
1551294633.8181307
1551294644.8130333
1551294665.2359111
1551294669.7270992
1551294689.4544559
1551294713.350399
1551294718.575926
1551294805.2435744
1551294806.3662622
1551294809.597485
1551294823.2407312
1551294838.4184647
1551294863.4019823
1551294870.8020952
1551294878.0433881
1551294908.2065752
1551294910.7314563
1551294923.2343
1551294941.4053445
1551294948.846846
1551294972.9198408
1551294979.8047636
1551294988.439768
1551295043.7925947
1551295053.8183503
1551295080.6882596
1551295158.8909795
1551295166.124216
1551295183.0238056
1551295187.5145178
1551295225.3806772
1551295279.613763
1551295292.7827303
1551295339.4362085
1551295397.3948166
1551295405.9733353
1551295416.002646
1551295423.2401254
1551295425.8070886
1551295451.004214
1551295480.2160897
1551295483.3767636
1551295507.0876873
1551295557.5155606
1551295560.6836724
1551295575.164999
1551295576.4827533
1551295580.6031368
1551295585.0757537
1551295612.2603095
1551295666.1090398
1551295746.0630257
1551295817.550028
1551295848.5593815
1551295948.8755763
1551296044.4909904
1551296069.8703108
1551296087.8048198
1551296107.8928986
1551296126.8612084
1551296130.4156413
1551296137.883716
1551296152.093018
1551296163.5844488
1551296166.762662
1551296196.201309
1551296224.4364433
1551296236.4467616
1551296320.0390081
1551296323.4950335
1551296333.0960772
1551296363.3575258
1551296364.908345
1551296388.500142
1551296496.175861
1551296506.1984262
1551296518.3449829
1551296538.6372056
1551296549.6821425
1551296570.9258025
1551296570.9961343
1551296574.2200408
1551296577.4030478
1551296580.5861592
1551296582.7969754
1551296592.437969
1551296625.805128
1551296632.3422709
1551296681.170129
1551296696.8104236
1551296709.1672704
1551296751.9196177
1551296754.0284276
1551296769.0377007
1551296775.961058
1551296821.0770192
1551296883.0195405
1551296902.7626421
1551296943.1317809
1551296998.4469326
1551297025.8834803
1551297058.4158797
1551297072.4582887
1551297077.8131578
1551297107.664718
1551297151.2166927
1551297221.1993623
1551297247.7209759
1551297279.005883
1551297293.292084
1551297296.4434824
1551297325.773032
1551297330.4380527
1551297330.482556
1551297339.3191764
1551297342.6189685
1551297346.8660467
1551297390.8984509
1551297401.9379306
1551297432.7679443
1551297434.1872787
1551297498.4855902
1551297513.8096902
1551297524.8433611
1551297583.9071903
1551297639.1758902
1551297665.393207
1551297683.31209
1551297705.1642938
1551297723.7933164
1551297762.6451495
1551297782.2865975
1551297810.9252238
