1552833367.4172156
1552833368.970305
1552833380.6324346
1552833403.8265164
1552833434.8903737
1552833531.235896
1552833538.1604824
1552833577.608297
1552833584.9814541
1552833586.408368
1552833703.3944995
1552833738.9612932
1552833761.336017
1552833763.1286626
1552833776.656837
1552833781.8912354
1552833788.5763898
1552833817.2235706
1552833895.5594718
1552833897.0102792
1552834022.1149032
1552834032.6279511
1552834034.4369233
1552834047.8725178
1552834095.6530733
1552834118.37825
1552834173.6437247
1552834176.3366854
1552834237.1826258
1552834273.2133324
1552834299.4019454
1552834302.9171097
1552834423.0124345
1552834467.3326373
1552834579.1457186
1552834601.4362552
1552834633.9483013
1552834657.335724
1552834660.0663595
1552834673.4655068
1552834678.146314
1552834682.6194556
1552834724.3420749
1552834735.6267562
1552834753.6677573
1552834755.6026492
1552834810.9343226
1552834817.9288933
1552834888.6201873
1552834898.4887974
1552835067.520434
1552835095.1774502
1552835116.365978
1552835143.8766477
1552835148.6331584
1552835175.866168
1552835202.040474
1552835208.4339702
1552835230.6906257
1552835250.6008565
1552835300.4463336
1552835321.5710194
1552835328.9036443
1552835353.386076
1552835372.2861407
1552835389.1147697
1552835433.3506763
1552835458.831252
1552835466.1228209
1552835499.0032172
1552835569.7180629
1552835606.1461256
1552835646.987996
1552835663.352583
1552835686.1360927
1552835778.0679746
1552835802.146402
1552835810.3433492
1552835901.2710593
1552835928.7868824
1552835934.0928528
1552835976.1097448
1552836006.7204182
1552836072.3434267
1552836106.788842
1552836150.6585264
1552836176.8423202
1552836203.8758535
1552836208.165477
1552836251.6585755
1552836291.8458836
1552836335.0145266
1552836342.8675916
1552836372.457244
1552836396.2184293
1552836401.3739336
1552836409.450992
1552836430.4125392
1552836435.2412174
1552836450.823964
1552836470.2765088
1552836504.991397
1552836532.8965445
1552836551.4993393
1552836560.1337721
1552836614.3043065
1552836652.1567516
1552836753.4556947
1552836797.268153
1552836803.440537
1552836882.7168536
1552836889.8342683
1552836908.0185685
1552836911.9883192
1552836913.2407198
1552836923.1111116
1552836944.0642953
1552836969.428458
1552837027.4620416
1552837032.102343
1552837166.2164412
1552837174.2393866
1552837215.0738235
1552837234.834502
1552837274.5675592
1552837296.9447856
1552837331.1146152
1552837339.2803173
1552837348.7981062
1552837359.6288896
1552837369.644645
1552837422.0359483
1552837448.172918
1552837486.941078
1552837497.5911071
1552837500.3008745
1552837509.4752724
1552837520.2281322
1552837542.5589194
1552837551.5712395
1552837571.6656098
1552837581.6309328
1552837879.9623134
1552837896.5559337
1552837902.2553575
1552837911.739708
1552837925.0333085
1552837950.6945448
1552837965.029218
1552838012.052347
1552838023.7305472
1552838025.2425578
1552838204.491057
1552838257.2180173
1552838438.4382274
1552838458.7837532
1552838472.983461
1552838477.0103676
1552838594.7952535
1552838599.0294502
1552838604.153302
1552838625.574038
1552838694.4343169
1552838749.0450091
1552838751.7293398
1552838803.3482301
1552838830.0793686
1552838854.5500581
1552838857.0876627
1552838895.8009934
1552838911.5096443
1552838946.612216
1552838970.6286385
1552838973.51216
1552839018.3355343
1552839111.459789
1552839132.0088713
1552839139.4457755
1552839141.1224134
1552839143.633508
1552839172.36309
1552839178.5354373
1552839191.1568158
1552839192.8990657
1552839204.5365057
1552839252.933398
1552839286.4227242
1552839295.1321273
1552839407.532619
1552839409.261261
1552839427.6822674
1552839440.460206
1552839443.104145
1552839460.378547
1552839477.6115835
1552839518.9065564
1552839549.4867554
1552839555.5463278
1552839565.7704148
1552839586.1596243
1552839607.2469876
1552839623.833672
1552839638.7847912
1552839657.793127
1552839662.0839562
1552839666.5984468
1552839680.8633375
1552839695.232759
1552839757.6394935
1552839781.12994
1552839811.9927883
1552839855.7093632
1552839881.2772563
1552840009.6435237
1552840047.9439762
1552840056.7125747
1552840072.5913005
1552840115.3898947
1552840122.0735924
1552840179.106555
1552840265.965854
1552840349.3984344
1552840375.1262908
1552840422.9549506
1552840439.454117
1552840489.4605253
1552840520.0279953
1552840522.8473794
1552840593.600168
1552840621.3319616
1552840637.297332
1552840638.929958
1552840650.6632814
1552840653.8314538
1552840673.4514713
1552840716.7958288
1552840843.9605863
1552840888.1745663
1552840903.3970912
1552840939.0039725
1552841012.806237
1552841034.1625226
1552841101.0612614
1552841147.65943
1552841181.4631026
1552841220.6362467
1552841240.5843906
1552841264.2552671
1552841299.3545816
1552841335.808852
1552841380.8237624
1552841399.669374
1552841405.9530218
1552841425.7510679
1552841469.8162174
1552841471.5498154
1552841538.11831
1552841557.8571646
1552841564.7806115
1552841599.991515
1552841610.7466207
1552841628.240277
1552841647.4044049
1552841740.0889866
1552841745.3113065
1552841764.946369
1552841806.3617697
1552841814.5667593
1552841816.3394275
1552841869.5156019
1552841890.952945
1552841908.8073587
1552841924.847049
1552841945.86899
1552841996.7551036
1552842036.0732741
1552842042.6311257
1552842162.6696358
1552842190.0982707
1552842202.8678713
1552842204.5025585
1552842206.136198
1552842227.3839335
1552842238.4102483
1552842265.4511313
1552842320.0450864
1552842322.672643
1552842372.7499564
1552842378.063097
1552842416.6128979
1552842506.1373549
1552842529.843231
1552842534.0728333
1552842555.5462644
1552842579.163402
1552842583.5906446
1552842597.3711095
1552842598.951172
1552842625.920712
1552842631.0640216
1552842649.1915445
1552842653.4497118
1552842678.7626133
1552842719.203462
1552842730.3935993
1552842762.9906209
1552842805.7013125
1552842839.024319
1552842849.339068
1552842851.0073988
1552842854.9966254
1552842871.4457977
1552842928.1314037
1552842982.048064
1552842992.7177505
1552842994.4857874
1552843050.707552
1552843055.9015317
1552843171.446054
1552843210.5179267
1552843370.7227542
1552843436.583715
1552843459.6885514
1552843479.7484548
1552843521.423954
1552843536.8847907
1552843539.4616055
1552843567.1994286
1552843595.076676
1552843599.4750261
1552843604.857785
1552843606.829742
1552843693.7866738
1552843728.0120468
1552843789.9289522
1552843801.8115103
1552843807.1351378
1552843840.321763
1552843859.067937
1552843911.6185622
1552843930.6094778
1552843944.07446
1552843945.7553284
1552843980.81404
1552844086.59664
1552844119.0120988
1552844162.3115795
1552844165.1236537
1552844173.1608818
1552844174.7629035
1552844181.6711547
1552844204.7081354
1552844220.2654417
1552844228.1105242
1552844251.216292
1552844301.7480958
1552844313.2978992
1552844332.254346
1552844341.5485494
1552844365.5197613
1552844443.6146467
1552844455.7633123
1552844495.5510008
1552844502.0450592
1552844506.1969862
1552844508.0805116
1552844518.577077
1552844604.2127104
1552844653.44088
1552844682.825433
1552844692.8792708
1552844743.733003
1552844749.9058986
1552844768.7098522
1552844819.3918736
1552844826.1041973
1552844843.6950846
1552844854.0158074
1552844859.2938447
1552844876.6838868
1552844889.1164732
1552844894.281597
1552844939.6891837
1552844987.9795434
1552845058.8792722
1552845069.5017204
1552845165.986186
1552845240.9265604
1552845309.6499727
1552845345.5329766
1552845398.041181
1552845438.3785782
1552845449.210575
1552845453.4904468
1552845486.5709417
1552845498.6756737
1552845522.1298888
1552845582.5361345
1552845604.5463996
1552845637.724353
1552845640.6549633
1552845646.5587862
1552845667.666984
1552845701.1185222
1552845715.2354531
1552845720.8033268
1552845725.4181476
1552845841.6196058
1552845862.726409
1552845892.956147
1552845914.4068837
1552845945.94858
1552845967.7373
1552845970.419233
1552845974.3187392
1552845975.9505281
1552845996.926727
1552846079.7852366
1552846086.883384
1552846283.1279147
1552846331.4768107
1552846368.4330368
1552846381.9057
1552846383.581111
1552846405.9627237
1552846434.2967122
1552846455.1499367
1552846489.4287167
1552846518.978149
1552846571.960017
1552846582.909856
1552846640.39271
1552846699.5694716
1552846727.3502798
1552846803.364993
1552846812.5482862
1552846859.3766239
1552846871.280069
1552846880.3682623
1552846940.0086844
1552846988.8600001
1552846995.9799216
1552847062.5794477
1552847097.8534048
1552847168.8462994
1552847195.8605163
1552847249.7692869
1552847273.8200884
1552847285.4615443
1552847298.1744988
1552847308.510175
1552847336.3083515
1552847378.1300857
1552847468.0032945
1552847482.7485468
1552847524.6713321
1552847552.1364326
1552847565.3428617
1552847594.2375104
1552847602.1806567
1552847610.745069
1552847612.6899614
1552847640.3509216
1552847708.0497453
1552847856.114867
1552847888.7046018
1552847932.8334475
1552847934.556875
1552847945.2349072
1552847977.2365491
1552847997.8117208
1552848111.2185817
1552848123.2631395
1552848164.6904538
1552848279.7014725
1552848290.6522176
1552848292.2392962
1552848349.340123
1552848387.297771
1552848447.7188258
1552848486.8855605
1552848489.6707542
1552848509.3978047
1552848566.571277
1552848624.895739
1552848629.706633
1552848652.8805177
1552848702.2330406
1552848742.329692
1552848788.9563677
1552848808.8269076
1552848810.3794158
1552848898.0221047
1552848902.7655144
1552848904.35092
1552848936.4078133
1552848946.5825622
1552848954.9159896
1552848976.1274917
1552848995.2488601
1552848996.8383408
1552848999.5717807
1552849035.9885795
1552849089.636244
1552849152.480709
1552849191.1863718
1552849251.2815018
1552849337.7407563
1552849339.3419771
1552849479.7931795
1552849494.7346919
1552849556.1047027
1552849588.1876907
1552849642.3174362
1552849662.332307
1552849685.3830128
1552849689.4616947
1552849722.0208547
1552849724.590093
1552849726.2892647
1552849729.872266
1552849759.2774408
1552849789.3395088
1552849813.3817086
1552849824.8147483
1552849826.3764648
1552849925.0173423
1552849938.366429
1552849948.185223
1552850004.550138
1552850034.249983
1552850051.8615062
1552850063.316256
1552850087.9508455
1552850099.61655
1552850110.2182114
1552850157.6616948
1552850188.2566366
1552850218.573519
1552850223.2100608
1552850323.5655026
1552850326.4295647
1552850437.2048063
1552850474.719886
1552850504.9473598
1552850530.9851217
1552850653.070736
1552850659.4142802
1552850669.699396
1552850674.8821597
1552850756.7038398
1552850773.6560044
1552850775.4288292
1552850782.2030177
1552850784.782872
1552850790.9937718
1552850800.398623
1552850905.6434705
1552850937.434898
1552851012.4605043
1552851048.3556619
1552851053.6335976
1552851091.0448453
1552851118.4634697
1552851180.1212218
1552851186.62144
1552851201.8610952
1552851206.2378592
1552851214.4402363
1552851218.8752935
1552851240.421864
1552851255.3535223
1552851286.1573524
1552851335.0615509
1552851356.8483748
1552851394.9222589
1552851405.030985
1552851553.0843167
1552851629.295083
1552851687.4378963
1552851695.055694
1552851727.1445246
1552851814.8130786
1552851840.3998985
1552851845.9465888
1552851859.8582804
1552851913.246203
1552851928.8689911
1552851943.1011016
1552851948.1682677
1552851958.7479262
1552851984.5703053
1552851998.7480752
1552852004.1487415
1552852012.1202533
1552852100.2402725
1552852101.8121405
1552852120.1065357
1552852141.1867955
1552852190.934223
1552852222.360872
1552852267.1710956
1552852305.1236086
1552852315.8706694
1552852360.983179
1552852428.8062353
1552852435.927855
1552852441.4824486
1552852528.6956692
1552852597.1097786
1552852602.023538
1552852636.1175969
1552852641.486326
1552852666.1095798
1552852844.1244583
1552852857.6535783
1552852865.1844382
1552852875.9895194
1552852888.933926
1552852915.3222222
1552852920.888868
1552852982.592786
1552853046.301749
1552853071.0374913
1552853123.0551674
1552853154.736543
1552853176.7390044
1552853186.0963578
1552853233.4532316
1552853254.218139
1552853302.8983417
1552853358.2575154
1552853367.8122442
1552853427.765473
1552853429.4306464
1552853443.5643587
1552853486.2535923
1552853546.6939058
1552853558.3147566
1552853564.5394373
1552853578.7066154
1552853607.819212
1552853634.1175747
1552853659.302123
1552853663.4541082
1552853671.4779944
1552853750.008225
1552853800.4218357
1552853802.0845156
1552853835.0455508
1552853844.5828447
1552853871.2251709
1552853873.763583
1552853883.2001314
1552853894.9804938
1552853921.5925882
1552853958.6729548
1552853978.4605205
1552854009.8532813
1552854053.514145
1552854061.3938365
1552854114.5817938
1552854149.8444543
1552854169.5457838
1552854180.4622009
1552854188.1346967
1552854276.7617607
1552854367.31218
1552854377.2838855
1552854426.2362385
1552854532.011789
1552854561.077668
1552854581.2604525
1552854594.6004565
1552854605.3748398
1552854631.8870914
1552854649.9629548
1552854730.0992973
1552854737.7571464
1552854769.6906645
1552854838.6754391
1552854865.9233034
1552854885.0752132
1552854900.6997154
1552854951.7400107
1552854955.9810948
1552854976.0305588
1552854977.6668458
1552855055.1430886
1552855056.7281559
1552855171.0130498
1552855179.845632
1552855190.2645109
1552855210.3397632
1552855255.7565799
1552855262.6637223
1552855287.6486387
1552855313.0611732
1552855332.2126155
1552855333.8606317
1552855339.0472734
1552855341.7876198
1552855400.0061162
1552855405.237049
1552855414.2065058
1552855435.211124
1552855540.273062
1552855562.3139377
1552855593.522
1552855608.1826158
1552855615.0179653
1552855690.9614456
1552855730.952628
1552855754.957328
1552855764.7322245
1552855797.60008
1552855827.5320191
1552855841.2036302
1552855842.4523375
1552855880.5202494
1552855893.3066049
1552855915.2299452
1552855958.2168436
1552855959.8484166
1552855999.2044663
1552856000.7646542
1552856008.274524
1552856033.4209232
1552856050.1739993
1552856060.952094
1552856145.226734
1552856201.3046868
1552856260.54497
1552856267.2678404
1552856365.2348406
1552856378.3377142
1552856382.9106176
1552856397.0725832
1552856441.7038329
1552856475.392888
1552856563.4067101
1552856720.4732177
1552856733.812642
1552856746.2840707
1552856763.0979753
1552856779.5350325
1552856838.3971438
1552856901.3363926
1552856907.0226252
1552856916.2260284
1552856928.7726269
1552856975.1222684
1552857001.67562
1552857079.4843442
1552857152.1996424
1552857200.612997
1552857223.716115
1552857253.768207
1552857281.1220446
1552857289.012787
1552857313.2348435
1552857314.903321
1552857322.4035916
1552857365.3152716
1552857381.4859955
1552857509.3694766
1552857557.872548
1552857563.3214383
1552857619.9742365
1552857637.0186777
1552857697.8647249
1552857728.3656514
1552857783.4428985
1552857798.8096497
1552857811.354579
1552857824.442451
1552857847.6159198
1552857863.4279883
1552857865.028686
1552857912.5950246
1552857928.1573014
1552857932.576959
1552857934.2404246
1552858061.6138406
1552858119.7106574
1552858131.5429304
1552858142.3767028
1552858146.8877468
1552858175.6775749
1552858199.4225154
1552858305.5981889
1552858341.0899014
1552858362.7165968
1552858494.1178873
1552858525.703768
1552858531.2622867
1552858533.986475
1552858546.7381403
1552858565.823315
1552858567.5451796
1552858610.338382
1552858679.0330036
1552858681.6398418
1552858694.6319838
1552858740.3829777
1552858747.7952888
1552858764.1730726
1552858783.0759702
1552858790.0722933
1552858836.0999835
1552858868.9629161
1552858937.3869097
1552858939.8986874
1552859001.4916923
1552859002.9415455
1552859010.1120796
1552859074.5751994
1552859082.6881166
1552859093.5855792
1552859177.6979377
1552859180.1933737
1552859219.9035165
1552859224.5800474
1552859240.5514538
1552859378.1993797
1552859428.5700574
1552859443.8763907
1552859480.896518
1552859491.7129066
1552859602.236752
1552859638.9941463
1552859641.4876757
1552859703.0858042
1552859718.153435
1552859722.474111
1552859750.633899
1552859871.303683
1552859891.3563416
1552859894.2570434
1552859909.573217
1552859940.872391
1552859951.4445014
1552859966.951138
1552860000.564975
1552860010.9018412
1552860016.054793
1552860033.9881096
1552860085.2007914
1552860090.5468955
1552860115.0516183
1552860148.6094396
1552860152.7243974
1552860158.7838864
1552860188.161999
1552860193.1301641
1552860198.2154126
1552860220.0772073
1552860221.7555938
1552860235.9319263
1552860238.6660879
1552860242.5639684
1552860290.9747953
1552860322.6012745
1552860342.7316551
1552860353.7555566
1552860367.1900592
1552860392.4048574
1552860394.9756973
1552860402.0171928
1552860417.7570388
1552860435.1501474
1552860472.7563798
1552860492.132843
1552860522.0354784
1552860523.753016
1552860532.185481
1552860537.86237
1552860575.1219764
1552860614.882335
1552860646.0040877
1552860656.8952587
1552860667.6017938
1552860669.193455
1552860682.558112
1552860709.5849998
1552860720.383403
1552860738.6330318
1552860780.2211974
1552860805.8317246
1552860819.2009132
1552860821.7908318
1552860918.3489134
1552860977.3016288
1552861036.3561356
1552861066.71527
1552861157.8230474
1552861234.9901462
1552861303.2626326
1552861305.196589
1552861318.4374294
1552861332.9035668
1552861368.2330537
1552861384.8931065
1552861386.6955502
1552861432.897409
1552861435.5416856
1552861449.6116893
1552861480.508764
1552861512.2360666
1552861572.5682204
1552861576.5763988
1552861632.263754
1552861653.252595
1552861695.832932
1552861721.6219833
1552861724.0297215
1552861743.4254932
1552861753.6771107
1552861762.724418
1552861789.9752374
1552861800.7268522
1552861807.8721433
1552861820.9621978
1552861829.213959
1552861839.9403272
1552861841.4415154
1552861844.1531084
1552861897.453139
1552861913.511891
1552861965.5757337
1552861973.5085158
1552861992.074292
1552862018.950926
1552862020.7204814
1552862052.0796583
1552862069.966076
1552862111.5946214
1552862130.7235837
1552862168.2031155
1552862187.3299754
1552862270.9805758
1552862302.30292
1552862303.9210541
1552862325.5060902
1552862382.8104029
1552862384.563304
1552862415.402022
1552862455.6885498
1552862505.5110037
1552862509.7155082
1552862535.6065998
1552862581.2718782
1552862644.3105736
1552862646.0839279
1552862648.7038965
1552862695.3164804
1552862704.3820992
1552862824.5189617
1552862865.8712382
1552862868.2851298
1552862933.0854354
1552862953.9701035
1552862994.4019094
1552863037.6860356
1552863063.29784
1552863068.6927867
1552863098.1701717
1552863117.7976701
1552863137.3522873
1552863216.9756014
1552863229.2408216
1552863231.0032215
1552863233.5822136
1552863248.3956885
1552863326.255497
1552863332.4689224
1552863357.6860833
1552863446.3694277
1552863460.984759
1552863462.7166693
1552863466.95155
1552863476.808334
1552863489.3038385
1552863517.6840935
1552863541.566156
1552863546.9591568
1552863578.790357
1552863580.3880687
1552863608.5152776
1552863660.88399
1552863669.8864071
1552863713.2041988
1552863730.0919802
1552863796.2392828
1552863806.2645195
1552863846.290397
1552863866.1937196
1552863890.7612412
1552863922.7646832
1552863954.4218364
1552864061.85738
1552864065.7931924
1552864131.9789174
1552864192.6949563
1552864203.4568985
1552864215.2399704
1552864225.2801642
1552864226.81383
1552864257.3955173
1552864291.506981
1552864325.3420763
1552864329.433654
1552864344.1774478
1552864431.4639971
1552864447.2909591
1552864472.442014
1552864480.8259652
1552864533.7345302
1552864565.3733778
1552864597.5877979
1552864600.3262122
1552864620.836747
1552864661.3943775
1552864681.9939163
1552864740.6807613
1552864750.2880292
1552864786.7505732
1552864819.312921
1552864846.3684335
1552864878.710266
1552864909.572656
1552864922.043485
1552864980.7285185
1552864987.7756288
1552865043.6767354
1552865057.5684066
1552865076.5010915
1552865098.377847
1552865116.146291
1552865133.5063686
1552865152.6631231
1552865157.831449
1552865249.1012037
1552865265.1282938
1552865320.1882634
1552865378.1134868
1552865409.2473233
1552865425.0369732
1552865435.5364366
1552865446.2995818
1552865503.6872625
1552865519.2011635
1552865530.998185
1552865550.478741
1552865561.4376013
1552865581.957918
1552865583.4146214
1552865595.478965
1552865624.158573
1552865628.2696886
1552865641.7338555
1552865681.0317082
1552865713.2843018
1552865745.9904168
1552865804.5604997
1552865821.6883333
1552865883.7627378
1552865885.4109008
1552865905.2845225
1552865934.849782
1552865998.696421
1552866008.829259
1552866078.8720164
1552866170.2606277
1552866190.0283122
1552866201.5288844
1552866237.5190973
1552866243.069322
1552866251.5210266
1552866298.0943859
1552866349.1165302
1552866386.1327093
1552866393.7856736
1552866410.0064545
1552866424.6306806
1552866455.2410321
1552866476.5432155
1552866534.0831676
1552866535.7190711
1552866559.1119454
1552866602.2630806
1552866641.4538128
1552866659.6062062
1552866717.5688314
1552866746.4205065
1552866761.0116637
1552866765.115231
1552866787.4992142
1552866817.4875815
1552866874.550862
1552866887.307779
1552866901.2249634
1552866907.7443502
1552866930.7428744
1552866966.560721
1552866968.165421
1552866979.0365791
1552867028.8716924
1552867080.6167486
1552867084.5521152
1552867128.0191467
1552867129.564963
1552867144.0867126
1552867177.9572394
1552867212.5043333
1552867236.2253723
1552867283.9981866
1552867289.2339182
1552867290.7613392
1552867315.3885763
1552867319.542082
1552867338.7940989
1552867350.7298455
1552867502.310923
1552867522.0629644
1552867572.6483052
1552867587.2497299
1552867624.590909
1552867641.883559
1552867714.633899
1552867716.179998
1552867720.555093
1552867727.9469454
1552867768.4445565
1552867770.2268124
1552867771.7005186
1552867796.3153493
1552867820.049216
1552867849.8942306
1552867890.801342
1552867939.228639
1552867943.2666285
1552868028.481107
1552868039.568876
1552868046.525624
1552868117.4668808
1552868126.0103197
1552868177.6891196
1552868210.5944257
1552868218.4616365
1552868241.1577985
1552868264.725195
1552868387.5183845
1552868397.6589532
1552868521.459469
1552868551.6226718
1552868559.0335217
1552868571.2259886
1552868681.1927903
1552868711.8599617
1552868720.6327014
1552868729.4157028
1552868747.179778
1552868804.5822244
1552868818.4704587
1552868828.5749521
1552868844.2996058
1552868856.2543051
1552869026.146489
1552869041.3088593
1552869049.4253473
1552869107.4746804
1552869113.271631
1552869137.067467
1552869185.7584558
1552869271.68351
1552869292.171483
1552869353.8410923
1552869396.5628211
1552869409.9989846
1552869413.71647
1552869467.879561
1552869476.8771975
1552869550.961036
1552869552.4652026
1552869649.7981434
1552869734.1096547
1552869753.0892272
1552869771.0300186
1552869996.8778198
1552870014.9064052
1552870016.7998629
1552870134.3639784
1552870155.4085157
1552870221.65676
1552870275.4449801
1552870277.2261477
1552870292.6565537
1552870298.0784597
1552870308.7898283
1552870362.0124474
1552870378.8164954
1552870386.7878916
1552870412.6739852
1552870466.6219244
1552870471.744263
1552870488.293345
1552870492.4550312
1552870518.5589883
1552870547.223547
1552870597.57468
1552870606.6502216
1552870638.8861911
1552870649.984873
1552870654.8189723
