1552652391.896303
1552652396.1297095
1552652403.048951
1552652412.760037
1552652414.5496798
1552652423.5740159
1552652427.8461928
1552652464.8296359
1552652469.2015178
1552652489.2562506
1552652493.1225438
1552652516.257476
1552652582.7029512
1552652632.1637168
1552652646.8838394
1552652659.2483191
1552652666.249538
1552652696.697062
1552652763.1247866
1552652764.756085
1552652774.29454
1552652783.7420688
1552652788.1349888
1552652830.9955149
1552652878.725678
1552652880.128965
1552652921.630775
1552652963.8115497
1552652989.0482662
1552653011.759743
1552653024.1075082
1552653073.946683
1552653090.9791331
1552653111.2963097
1552653112.9499083
1552653137.9773602
1552653149.9837809
1552653167.4367213
1552653205.7992876
1552653220.6114926
1552653241.1764235
1552653245.7970562
1552653269.03936
1552653283.659141
1552653290.6736076
1552653332.0443423
1552653355.4514904
1552653378.9200866
1552653436.9794126
1552653440.9609811
1552653450.8940115
1552653462.9362257
1552653489.0125833
1552653519.1255274
1552653591.0398219
1552653603.1101518
1552653618.0652726
1552653619.7363048
1552653632.3007
1552653636.6569939
1552653670.511167
1552653766.0087419
1552653818.395051
1552653825.4273834
1552653875.0260985
1552653935.5042264
1552653952.8217037
1552653972.677982
1552653990.2411873
1552654018.4184482
1552654022.7087452
1552654024.3519006
1552654028.4936306
1552654051.6104715
1552654106.4446964
1552654137.1564841
1552654183.8504384
1552654208.7253926
1552654223.4710784
1552654308.01954
1552654354.9432318
1552654364.9485595
1552654379.9356809
1552654381.7088678
1552654388.178145
1552654389.6412697
1552654424.27017
1552654428.6668363
1552654438.7120423
1552654451.145438
1552654482.6066942
1552654491.7454307
1552654643.3135061
1552654650.388692
1552654694.5037496
1552654696.1787717
1552654705.8621662
1552654718.15784
1552654756.7300003
1552654771.8063266
1552654794.6584723
1552654801.2279058
1552654803.0232818
1552654815.8531294
1552654839.5997515
1552654846.5927029
1552654848.3775146
1552654865.9479141
1552654916.1949513
1552654949.4001787
1552655021.5911858
1552655060.9895682
1552655070.716829
1552655093.539827
1552655169.843424
1552655179.2144952
1552655180.551531
1552655184.8318367
1552655186.382355
1552655206.2491739
1552655223.9060304
1552655236.0103183
1552655237.3837557
1552655298.8965464
1552655334.8203576
1552655336.253437
1552655343.2705824
1552655373.7606575
1552655380.8845875
1552655387.76527
1552655400.0808036
1552655417.446094
1552655446.0035675
1552655447.5736396
1552655479.5100899
1552655486.3272576
1552655490.37582
1552655499.6401734
1552655514.7720091
1552655533.1445146
1552655571.844371
1552655650.8056006
1552655660.4468372
1552655692.2451463
1552655704.8555129
1552655738.520501
1552655745.4995809
1552655770.3515935
1552655815.036917
1552655819.4143353
1552655823.5586746
1552655857.4204204
1552655864.4708307
1552655900.6461732
1552655915.073256
1552655950.3975966
1552655981.2892106
1552656015.9056382
1552656052.0710328
1552656058.687618
1552656068.1068802
1552656090.5365794
1552656169.428885
1552656217.7874937
1552656222.0245397
1552656255.669501
1552656289.1768653
1552656327.7011151
1552656366.6412768
1552656368.0823646
1552656383.2164967
1552656414.0739813
1552656495.311082
1552656518.7988539
1552656549.9181702
1552656554.1406026
1552656575.0751996
1552656618.6615727
1552656704.0807292
1552656708.1527133
1552656712.3962529
1552656730.3621054
1552656774.34924
1552656789.0825717
1552656790.9169757
1552656800.0022364
1552656837.015637
1552656869.5846505
1552656913.1002302
1552656984.1818597
1552657028.727437
1552657065.674934
1552657096.1359615
1552657121.8045182
1552657144.891684
1552657154.4173756
1552657186.2676942
1552657218.5827734
1552657236.3946238
1552657295.0187664
1552657309.838508
1552657370.6687202
1552657372.259197
1552657392.3825881
1552657396.7310026
1552657441.5735533
1552657483.20724
1552657484.8018868
1552657510.4415903
1552657512.1706946
1552657562.7511249
1552657583.2987938
1552657590.6186202
1552657664.4139974
1552657690.290503
1552657710.4497564
1552657732.939623
1552657737.3892784
1552657747.0440042
1552657762.477228
1552657782.713084
1552657791.928833
1552657801.9411433
1552657803.5110323
1552657829.003801
1552657835.5914097
1552657957.791372
1552657959.6825888
1552657961.1979883
1552657969.9340556
1552657971.768624
1552657989.4220002
1552657999.02997
1552658003.205777
1552658052.9034166
1552658070.608074
1552658121.060799
1552658146.7660782
1552658170.3660126
1552658214.199346
1552658245.8691745
1552658261.9334528
1552658268.6888375
1552658286.3509781
1552658295.8985686
1552658326.9217143
1552658363.7631483
1552658400.029224
1552658430.9181442
1552658437.9203777
1552658466.0101757
1552658488.5461266
1552658500.326036
1552658533.2088025
1552658596.138427
1552658605.5964105
1552658607.4254036
1552658609.1312962
1552658612.5844245
1552658638.7154417
1552658686.6427784
1552658710.7294836
1552658744.6009262
1552658779.914663
1552658800.563989
1552658847.4691517
1552658849.257538
1552658874.8348022
1552658916.415254
1552658976.975481
1552658986.9873466
1552658988.822348
1552658995.6815422
1552658997.3423545
1552659001.693856
1552659055.6069508
1552659073.634791
1552659096.6018612
1552659108.7075777
1552659112.942504
1552659197.9675438
1552659202.308085
1552659228.194227
1552659229.9076774
1552659281.4875832
1552659283.3137455
1552659287.564015
1552659292.077107
1552659397.1368556
1552659427.694329
1552659434.999959
1552659447.9865985
1552659454.4521847
1552659464.0888214
1552659477.2804852
1552659500.0995772
1552659515.0162234
1552659529.7991765
1552659539.1616917
1552659561.0609174
1552659597.9721956
1552659599.6682572
1552659655.1845984
1552659694.5616589
1552659696.3127663
1552659716.578763
1552659736.732631
1552659740.7407775
1552659793.307315
1552659805.7972243
1552659844.175129
1552659851.3868551
1552659874.4899526
1552659876.2375867
1552659899.0421665
1552659911.601762
1552659913.275038
1552659939.0965643
1552659972.6456957
1552660003.3722098
1552660066.4259732
1552660102.3630867
1552660147.1674063
1552660219.1113024
1552660223.7657902
1552660233.2176762
1552660244.8572023
1552660275.2858047
1552660279.6318445
1552660327.323951
1552660337.0296524
1552660341.5257912
1552660343.2496583
1552660349.9311826
1552660375.5045128
1552660458.9177327
1552660468.7116935
1552660523.863075
1552660542.0156143
1552660598.0180142
1552660670.9350863
1552660797.9064631
1552660805.2255075
1552660871.6569486
1552660892.3120706
1552660912.679418
1552660945.1744297
1552660980.8340557
1552660995.9363399
1552661035.8074543
1552661093.840748
1552661183.9530814
1552661193.6905127
1552661203.4551892
1552661234.3508787
1552661251.331642
1552661255.6132884
1552661304.9748883
1552661320.1522648
1552661329.214456
1552661351.2985964
1552661363.6225271
1552661443.0561972
1552661452.7342794
1552661750.1442115
1552661800.418167
1552661853.783105
1552661903.9692793
1552661945.9264865
1552661947.4196942
1552661999.5404863
1552662003.8477087
1552662037.0376806
1552662052.0315046
1552662094.5700073
1552662128.6168215
1552662130.0488553
1552662142.4111683
1552662185.4119174
1552662203.5890605
1552662210.21925
1552662233.0630457
1552662264.2567976
1552662274.4368148
1552662333.3498096
1552662348.580655
1552662379.672501
1552662397.0696795
1552662447.3132806
1552662473.1932304
1552662480.4124932
1552662513.7098057
1552662547.6784105
1552662557.4224854
1552662577.7556586
1552662619.7296948
1552662657.51482
1552662659.0952015
1552662679.5599742
1552662726.223329
1552662744.1383183
1552662777.376363
1552662783.937048
1552662796.8125374
1552662816.3019443
1552662828.3433702
1552662830.0720327
1552662831.3306487
1552662929.5280616
1552662931.09656
1552662951.6067965
1552662974.3082938
1552662982.8870814
1552662998.198161
1552663052.260821
1552663064.421887
1552663090.52805
1552663091.9190345
1552663117.4059248
1552663170.5684776
1552663174.6761003
1552663224.1433203
1552663240.9619637
1552663242.6016905
1552663276.6224923
1552663381.1436956
1552663414.3434844
1552663421.610428
1552663442.2833228
1552663457.0212073
1552663486.4198132
1552663496.4465785
1552663511.939497
1552663574.6544814
1552663623.4401221
1552663682.7319484
1552663702.80125
1552663709.8288577
1552663719.2522063
1552663786.936088
1552663788.5316205
1552663892.7911236
1552663901.8696785
1552663932.5511534
1552663939.183198
1552663989.7327232
1552664037.170694
1552664041.4596605
1552664064.9696581
1552664066.6215641
1552664100.5607526
1552664161.083621
1552664173.384111
1552664185.496197
1552664246.527421
1552664290.0487032
1552664336.41916
1552664350.5481548
1552664425.7364867
1552664427.2191527
1552664428.7604272
1552664437.18019
1552664494.9554455
1552664515.1635673
1552664540.1921244
1552664544.4660847
1552664570.4855974
1552664606.7603998
1552664616.4224389
1552664620.715373
1552664625.1311345
1552664650.752949
1552664652.02297
1552664656.3190157
1552664736.000345
1552664760.8296611
1552664783.7380888
1552664827.6447632
1552664831.8443763
1552664846.5787318
1552664876.8135996
1552664883.9833198
1552664894.0335472
1552664921.4957767
1552664928.354315
1552664940.5631535
1552664997.817941
1552665010.4274876
1552665020.1001701
1552665032.6173885
1552665068.8521872
1552665072.8767085
1552665092.78553
1552665147.749685
1552665168.1327815
1552665188.5798612
1552665251.3845563
1552665270.3718975
1552665271.988857
1552665294.1449082
1552665305.9449677
1552665343.029352
1552665363.3641865
1552665463.9198074
1552665528.7641678
1552665540.6772563
1552665547.483509
1552665557.739168
1552665572.3995998
1552665579.4865918
1552665632.43425
1552665636.518848
1552665646.3062983
1552665666.4046857
1552665691.8041947
1552665724.8588278
1552665740.2118125
1552665744.637479
1552665796.441454
1552665814.2758234
1552665831.754636
1552665854.83764
1552665856.5210376
1552665877.3221424
1552665879.154907
1552665910.0258405
1552665930.1631577
1552665947.5020092
1552665951.6424785
1552665976.9067976
1552665981.2806752
1552666067.4142354
1552666077.2882876
1552666107.97252
1552666120.3974895
1552666135.05747
1552666139.5351634
1552666159.7775302
1552666222.2381432
1552666253.4590554
1552666273.9614167
1552666288.6311808
1552666292.7483935
1552666327.7509656
1552666404.2990973
1552666482.5473125
1552666486.6242502
1552666536.6408103
1552666546.6168108
1552666587.6096864
1552666648.0837069
1552666666.6724699
1552666668.3410177
1552666856.3971488
1552666872.4210346
1552666895.8249807
1552666940.3022768
1552666969.6029031
1552666984.645169
1552666991.3250763
1552667003.6116378
1552667005.2140498
1552667028.3501513
1552667051.659729
1552667079.9725478
1552667095.1312504
1552667115.0331907
1552667151.6560707
1552667153.3465748
1552667176.7592027
1552667178.4324408
1552667190.9236352
1552667212.1275673
1552667227.1875029
1552667229.0161388
1552667265.920073
1552667286.279161
1552667375.2421992
1552667412.782601
1552667424.7972004
1552667434.7642593
1552667439.1197968
1552667517.906469
1552667527.4315016
1552667543.0925372
1552667547.434212
1552667549.0643735
1552667588.1564922
1552667605.1024182
1552667668.7734346
1552667680.5880156
1552667687.3627882
1552667761.151361
1552667776.034775
1552667777.6982305
1552667779.1276982
1552667798.7094884
1552667816.3561692
1552667868.0054345
1552667886.050236
1552667908.9812908
1552667913.3635757
1552667915.1184251
1552667919.719562
1552667979.1119223
1552667985.8728116
1552668014.2823954
1552668024.2280147
1552668058.0885527
1552668076.2972727
1552668113.0683503
1552668133.006073
1552668134.7606711
1552668146.8499815
1552668193.5524814
1552668197.6966138
1552668219.9419293
1552668276.7048376
1552668294.3459058
1552668295.887297
1552668302.7801144
1552668347.0495617
1552668356.5763621
1552668366.568421
1552668381.5411358
1552668451.7624555
1552668458.2276149
1552668497.586497
1552668504.8468974
1552668516.7316864
1552668518.1824114
1552668520.0074143
1552668526.2085936
1552668587.1020474
1552668605.0736735
1552668655.2648654
1552668690.3759565
1552668759.2249508
1552668779.9972425
1552668792.3541257
1552668793.8513365
1552668811.9951158
1552668813.738661
1552668861.714356
1552668863.3881798
1552668908.1106777
1552668952.3808436
1552668980.7331247
1552669076.5085418
1552669081.0280397
1552669158.4966867
1552669160.236351
1552669177.6807442
1552669179.485775
1552669204.235752
1552669219.83218
1552669221.333649
1552669239.1879127
1552669259.9064078
1552669289.897527
1552669297.0954247
1552669306.6235712
1552669342.3596966
1552669357.235723
1552669372.2377367
1552669384.177684
1552669418.6597006
1552669420.3076963
1552669424.1845977
1552669441.6313028
1552669458.7165918
1552669465.642065
1552669469.892577
1552669485.0114708
1552669502.389812
1552669512.0865047
1552669599.61454
1552669644.7312708
1552669681.7866309
1552669750.4111874
1552669779.5994866
1552669885.6911385
1552669894.9653888
1552669904.226908
1552669908.7126875
1552669918.3729775
1552669927.9880767
1552669932.3052814
1552669955.0940757
1552669969.9731374
1552669977.1542184
1552670004.9890978
1552670011.9492621
1552670016.3407052
1552670050.076354
1552670054.6217628
1552670092.9899704
1552670113.8708625
1552670178.7610238
1552670289.3621354
1552670329.1821167
1552670336.140465
1552670340.67247
1552670353.4137847
1552670357.821689
1552670375.8506083
1552670385.6474977
1552670425.2354448
1552670498.3682375
1552670513.5920548
1552670538.8425004
1552670549.0193503
1552670620.0176191
1552670624.228545
1552670625.7647147
1552670627.2526057
1552670638.99198
1552670642.9864693
1552670647.1251707
1552670657.631652
1552670704.949435
1552670800.741368
1552670805.1485736
1552670812.3443422
1552670819.1827796
1552670863.771667
1552670873.5675917
1552670875.0971196
1552670926.7112126
1552670939.4836588
1552670946.6845655
1552671012.930801
1552671019.8301575
1552671021.4150586
1552671165.0307343
1552671242.2078614
1552671265.4109018
1552671374.5214891
1552671392.1736748
1552671502.2332733
1552671509.2456958
1552671539.5593355
1552671565.6137564
1552671582.9568534
1552671590.0608325
1552671596.69382
1552671614.6939282
1552671619.267231
1552671620.7520583
1552671653.8190596
1552671720.18836
1552671754.9583607
1552671804.5162969
1552671808.641199
1552671810.2712615
1552671827.8107195
1552671855.847132
1552671985.2551994
1552672006.1447556
1552672023.5551765
1552672046.313338
1552672095.7888534
1552672122.2746081
1552672134.4660575
1552672173.5394921
1552672204.485887
1552672205.9902062
1552672213.120317
1552672252.011455
1552672279.8314326
1552672294.3851333
1552672363.7565825
1552672370.7245014
1552672387.2852712
1552672420.3282645
1552672435.3316755
1552672447.1074324
1552672494.6365814
1552672532.7449498
1552672534.4115946
1552672547.150233
1552672583.6733572
1552672596.2401273
1552672641.4028535
1552672664.6133912
1552672718.3809807
1552672722.6404407
1552672737.8662698
1552672768.8225985
1552672770.463188
1552672782.7335634
1552672839.7242794
1552672868.0545754
1552672883.4544086
1552672900.8329556
1552672902.4819005
1552672922.6712525
1552672961.459282
1552673019.6299322
1552673032.1865935
1552673036.6690834
1552673043.5542762
1552673050.8928561
1552673063.1891286
1552673092.1549714
1552673175.8350348
1552673199.3525958
1552673222.0511422
1552673225.754535
1552673241.0877597
1552673261.5567253
1552673302.6717315
1552673405.138552
1552673412.6075952
1552673468.0544178
1552673503.0063682
1552673541.4622276
1552673580.845952
1552673585.4518042
1552673600.6499267
1552673628.5057387
1552673662.7424524
1552673666.7712836
1552673668.5302715
1552673686.0718045
1552673763.6957636
1552673776.0592933
1552673831.1861484
1552673852.2341053
1552673875.4555933
1552673882.4940238
1552673900.2637334
1552673907.2754836
1552673909.0686576
1552673921.4771798
1552674032.3089416
1552674121.9313498
1552674157.7803357
1552674183.3582144
1552674201.2201798
1552674207.8717287
1552674209.6420188
1552674225.2060134
1552674229.6287773
1552674239.2170024
1552674243.325016
1552674255.3339846
1552674259.8885276
1552674288.3603985
1552674303.3612256
1552674310.4004512
1552674334.025044
1552674346.3767638
1552674361.2899005
1552674365.4247522
1552674472.0390103
1552674479.3610895
1552674507.5383327
1552674527.8454785
1552674561.8576777
1552674604.005304
1552674643.1596544
1552674692.8805745
1552674733.658278
1552674735.404902
1552674736.8575132
1552674814.8968117
1552674864.161934
1552674865.5624697
1552674875.3357303
1552674888.1956916
1552674892.203181
1552674901.9773567
1552674906.4181135
1552674923.6707408
1552674941.1731527
1552675099.5183725
1552675103.8337219
1552675161.3693113
1552675227.1869214
1552675266.26216
1552675273.1708536
1552675293.6339326
1552675306.0632734
1552675328.6194751
1552675333.1294205
1552675380.7597697
1552675385.3848574
1552675397.8157246
1552675428.756049
1552675432.606914
1552675436.5318606
1552675473.1325998
1552675480.1556983
1552675484.4940987
1552675512.837446
1552675517.025579
1552675521.6414142
1552675552.8807144
1552675584.8787282
1552675592.0032957
1552675641.852978
1552675680.9054148
1552675696.1149828
1552675729.5177572
1552675762.1899827
1552675790.1520593
1552675791.8767362
1552675795.97022
1552675870.5339127
1552675907.502078
1552675956.8994937
1552675961.0065784
1552675986.0140653
1552676003.4624517
1552676009.835178
1552676019.7648218
1552676032.2718554
1552676044.7769687
1552676068.3536642
1552676083.3380513
1552676101.3903944
1552676111.1448846
1552676152.80795
1552676170.459157
1552676201.7562158
1552676221.8839278
1552676270.1049056
1552676303.7245603
1552676313.1229753
1552676317.0238204
1552676399.7105005
1552676401.3400736
1552676438.4564006
1552676447.7133217
1552676454.5346935
1552676464.4463565
1552676522.3535357
1552676531.8764143
1552676541.391385
1552676550.919289
1552676555.2331145
1552676587.613165
1552676589.4125779
1552676596.8152974
1552676673.4778535
1552676747.7826447
1552676778.4136255
1552676798.5624678
1552676835.0306265
1552676836.537148
1552676843.99086
1552676913.0181296
1552676914.830601
1552676922.101003
1552676956.3652153
1552676979.118348
1552677010.2014303
1552677036.0268078
1552677083.4205062
1552677084.9939873
1552677112.3929708
1552677119.6915324
1552677188.0571742
1552677195.1579204
1552677204.555295
1552677211.570623
1552677229.1653676
1552677230.5902824
1552677245.4570785
1552677255.0854936
1552677366.3549428
1552677373.3016782
1552677393.3194973
1552677430.2976134
1552677442.4682672
1552677444.0604808
1552677451.113618
1552677460.506505
1552677472.651404
1552677487.4293609
1552677494.588174
1552677534.555208
1552677549.6468973
1552677600.5536253
1552677621.31682
1552677641.5166218
1552677654.1224833
1552677663.66503
1552677673.1445043
1552677709.2661874
1552677732.3301232
1552677755.311818
1552677759.5922503
1552677795.1923883
1552677828.833554
1552677900.6130018
1552677905.1773887
1552677909.3491964
1552677911.124535
1552677915.850078
1552677939.2140126
1552677965.0739875
1552677980.5220187
1552677987.198014
1552678044.6380413
1552678048.8775644
1552678088.5110955
1552678143.8594286
1552678153.4733877
1552678165.6195314
1552678201.9877722
1552678257.7476008
1552678310.7906976
1552678440.1164024
1552678452.7836483
1552678462.5392556
1552678479.9782615
