1552306708.2498722
1552306725.9211507
1552306754.0836496
1552306765.2833335
1552306770.117073
1552306792.7122886
1552306799.0775425
1552306810.022261
1552306824.0469186
1552306854.075759
1552306856.1897535
1552306861.40705
1552306877.850955
1552306881.0726445
1552306915.012359
1552306923.2517576
1552306928.2061517
1552306938.0408034
1552306942.2568166
1552306985.527175
1552306988.3619754
1552307070.445198
1552307079.6080759
1552307092.9428246
1552307104.117136
1552307117.91504
1552307236.9379485
1552307237.2796247
1552307245.5230324
1552307346.2272232
1552307361.3466077
1552307361.8054142
1552307378.3366404
1552307393.014083
1552307398.2971976
1552307400.1840737
1552307430.904455
1552307449.4905634
1552307449.9450207
1552307452.9841208
1552307456.2603104
1552307485.6378868
1552307495.8991761
1552307500.2138298
1552307513.3008828
1552307522.0783577
1552307537.5338824
1552307537.9635642
1552307546.3862863
1552307583.1280658
1552307624.7809682
1552307631.2582154
1552307645.9888735
1552307660.7616765
1552307689.0853195
1552307696.2098708
1552307703.638345
1552307709.1066258
1552307709.5287094
1552307719.5805943
1552307720.0387852
1552307720.449286
1552307774.621958
1552307792.3902833
1552307811.3252625
1552307813.216236
1552307825.8328156
1552307838.4023142
1552307840.9669793
1552307860.3187938
1552307871.9958146
1552307872.4395902
1552307919.3266602
1552308000.0177095
1552308049.4486363
1552308065.5937707
1552308076.4357877
1552308101.3622415
1552308118.926531
1552308120.820848
1552308127.5659564
1552308160.62418
1552308235.4500525
1552308235.8876843
1552308271.722422
1552308302.014463
1552308302.436421
1552308315.0553029
1552308321.9932585
1552308333.8372238
1552308347.603209
1552308348.0407622
1552308374.9100506
1552308413.5095768
1552308443.6333673
1552308460.8116896
1552308469.6937253
1552308485.3792791
1552308503.4310255
1552308509.604415
1552308514.9821355
1552308518.1223593
1552308572.1903417
1552308585.3121812
1552308589.6024559
1552308635.0503929
1552308655.9341505
1552308660.534281
1552308731.5425594
1552308747.5916457
1552308786.4950423
1552308786.9954994
1552308787.397949
1552308794.7445009
1552308812.1075637
1552308824.3004277
1552308842.523754
1552308878.6465952
1552308882.7185128
1552308887.6738517
1552308913.4112716
1552308929.2374218
1552308929.6229308
1552308964.1844416
1552308967.3068802
1552308987.8457665
1552308989.7946825
1552308993.1323853
1552309029.1503172
1552309037.3809984
1552309044.4633126
1552309093.2927687
1552309107.1963716
1552309109.8388557
1552309127.8918872
1552309139.747786
1552309149.9449587
1552309150.3262887
1552309152.5204859
1552309220.3423865
1552309237.467771
1552309256.992677
1552309304.0422087
1552309357.7535143
1552309392.6240358
1552309402.8172889
1552309411.5317168
1552309423.245942
1552309432.8324306
1552309442.610782
1552309489.6042428
1552309501.7264318
1552309507.816482
1552309561.4896073
1552309568.1481235
1552309595.0792763
1552309600.4054666
1552309640.6284199
1552309662.4456298
1552309672.0396397
1552309680.5119703
1552309717.59535
1552309776.6336331
1552309785.0715337
1552309793.4961843
1552309798.0718296
1552309809.7714324
1552309826.2810345
1552309835.812956
1552309842.8955526
1552309866.0021946
1552309867.4419248
1552309903.3561056
1552309910.7811418
1552309926.3151615
1552309936.4489832
1552309944.6277606
1552309952.1196136
1552309966.037836
1552310063.4175146
1552310065.297976
1552310089.668589
1552310099.5234947
1552310114.6245716
1552310129.1055455
1552310144.7436864
1552310157.5666356
1552310215.0966089
1552310220.7773278
1552310255.3195734
1552310297.3363762
1552310308.513157
1552310327.3058975
1552310332.6115391
1552310397.800503
1552310436.726497
1552310443.351296
1552310479.090884
1552310497.518731
1552310516.0548632
1552310519.2887552
1552310530.8947234
1552310536.590585
1552310563.0589468
1552310587.129547
1552310599.1230764
1552310604.5945594
1552310655.132711
1552310686.5498996
1552310700.4060218
1552310718.5360768
1552310728.0119097
1552310734.373263
1552310750.3206184
1552310767.5419698
1552310802.2622268
1552310820.0939832
1552310847.06041
1552310848.9281502
1552310850.8403854
1552310852.3417513
1552310860.8179624
1552310871.1502783
1552310911.1312685
1552310936.756664
1552310988.5701315
1552311001.26352
1552311015.496023
1552311045.8959775
1552311093.4420896
1552311126.1268833
1552311127.9890304
1552311187.0807462
1552311205.8374372
1552311206.3489668
1552311209.101548
1552311211.8936956
1552311226.8362389
1552311270.6130981
1552311275.3434968
1552311310.6582518
1552311311.0745492
1552311317.0409932
1552311331.5503156
1552311354.4692388
1552311376.9822586
1552311392.1677918
1552311394.0454357
1552311418.1668377
1552311506.0332031
1552311509.9887583
1552311525.753231
1552311567.9343545
1552311593.5580852
1552311621.6748114
1552311626.1213732
1552311641.8222153
1552311682.2711446
1552311688.7514458
1552311711.7172704
1552311715.3413565
1552311738.0939674
1552311804.0583594
1552311823.4394116
1552311832.261552
1552311851.0158021
1552311878.7056851
1552311900.3785872
1552311926.2186923
1552311946.402033
1552311956.2219915
1552312001.9905863
1552312012.5164907
1552312023.805097
1552312043.391381
1552312108.0744684
1552312151.117811
1552312166.3897338
1552312194.6665385
1552312213.7998006
1552312235.1587894
1552312249.6913877
1552312251.583324
1552312305.807373
1552312312.462194
1552312351.9020436
1552312362.4665277
1552312416.1363585
1552312455.492708
1552312463.7450995
1552312474.887962
1552312490.6688852
1552312492.1447806
1552312494.0746312
1552312496.468309
1552312519.8496358
1552312536.8668015
1552312564.3639133
1552312582.1258948
1552312688.43562
1552312698.5688787
1552312705.59932
1552312710.4173923
1552312737.78977
1552312788.6906693
1552312790.1021566
1552312831.0542521
1552312846.4369292
1552312895.266152
1552312953.2478802
1552312953.6956177
1552312956.453974
1552312985.8295636
1552312989.2633107
1552313010.6207137
1552313093.0006475
1552313124.6304703
1552313132.0108154
1552313152.2099285
1552313165.6617267
1552313232.1573482
1552313247.121716
1552313263.8648915
1552313287.1998029
1552313287.6303234
1552313309.908827
1552313310.3822398
1552313312.3946774
1552313341.4558494
1552313341.8835483
1552313354.660839
1552313369.7977476
1552313412.9234817
1552313414.8064542
1552313435.4320192
1552313437.1129045
1552313446.1773188
1552313454.9617658
1552313488.3396702
1552313527.8460045
1552313551.5683985
1552313574.1934087
1552313574.619085
1552313576.4744697
1552313578.2554111
1552313579.7909524
1552313588.9344387
1552313593.5702968
1552313608.9357715
1552313621.1559708
1552313663.85947
1552313678.6966538
1552313714.2047412
1552313735.298887
1552313737.101391
1552313769.815024
1552313771.6571174
1552313785.4707768
1552313791.7529693
1552313815.8009984
1552313838.6782196
1552313845.9999702
1552313877.7743824
1552313899.7264338
1552313918.9036179
1552313919.307634
1552313953.8969662
1552313983.5094206
1552313990.1885154
1552314028.2370148
1552314041.9010036
1552314083.5431175
1552314120.635916
1552314121.0889804
1552314155.0278814
1552314171.9957135
1552314172.401807
1552314186.4523418
1552314218.3810813
1552314269.2889946
1552314276.464635
1552314382.6109166
1552314418.5902426
1552314474.0765877
1552314518.391593
1552314528.5501897
1552314531.147286
1552314550.278134
1552314642.2514575
1552314666.5498962
1552314670.6642246
1552314723.192285
1552314743.330771
1552314763.0180128
1552314779.8813396
1552314803.6577024
1552314804.0855422
1552314826.3283117
1552314842.281387
1552314876.6747348
1552314878.4092388
1552314905.3853347
1552314909.026475
1552314964.4371061
1552314998.3184443
1552314998.7163715
1552315007.276218
1552315041.84957
1552315067.7122028
1552315078.9793115
1552315166.2082226
1552315242.3169518
1552315257.417289
1552315273.7191365
1552315280.4688556
1552315290.8326747
1552315319.8904302
1552315340.691115
1552315345.6826603
1552315396.1111002
1552315407.8158154
1552315408.4485152
1552315411.9740381
1552315422.1472254
1552315429.8573687
1552315430.2269468
1552315483.7074988
1552315484.123978
1552315487.667881
1552315497.5124598
1552315507.3145075
1552315530.31026
1552315550.603181
1552315575.4526892
1552315579.0649505
1552315585.8372223
1552315586.2491958
1552315613.5663729
1552315676.2672572
1552315676.6939285
1552315680.2090335
1552315695.75205
1552315706.2493532
1552315706.6228302
1552315716.1878867
1552315716.6532204
1552315724.4198341
1552315745.4733024
1552315787.9756694
1552315809.944921
1552315824.0056953
1552315877.7950094
1552315934.385258
1552315945.6577108
1552315952.7155442
1552315958.0211911
1552315986.5122874
1552315987.913227
1552315998.6483757
1552316008.4454248
1552316014.0747786
1552316020.8434541
1552316046.659903
1552316047.0845387
1552316074.6977637
1552316142.4302511
1552316144.2188203
1552316144.6460946
1552316151.4218197
1552316187.951661
1552316189.832419
1552316196.9290347
1552316198.7182562
1552316235.0362022
1552316235.5784717
1552316264.125556
1552316313.8435488
1552316325.5981154
1552316391.472138
1552316483.6974573
1552316497.1834621
1552316531.3118124
1552316546.5283213
1552316595.6419601
1552316599.8330386
1552316651.038318
1552316654.1530025
1552316714.9583018
1552316735.52148
1552316750.0122747
1552316751.9096777
1552316754.869027
1552316812.1217256
1552316898.313879
1552316922.44237
1552316942.120363
1552316946.4023452
1552316966.529445
1552316968.3035462
1552316976.4899454
1552317003.7869885
1552317016.9932365
1552317070.4814956
1552317095.0744185
1552317120.2362707
1552317145.515812
1552317152.9069796
1552317202.468387
1552317231.3271086
1552317237.3865802
1552317238.7655149
1552317263.351342
1552317263.705049
1552317294.5522435
1552317295.0180213
1552317326.4710555
1552317365.198573
1552317385.0268064
1552317392.7785473
1552317418.0288966
1552317470.164097
1552317517.7761142
1552317521.1345632
1552317572.2538254
1552317610.3583505
1552317652.8189802
1552317655.561724
1552317706.3264525
1552317710.5509863
1552317710.951715
1552317733.6672108
1552317748.9420445
1552317822.3056273
1552317848.5031116
1552317849.9324503
1552317890.4379995
1552317905.2244515
1552317976.8328807
1552317977.4118626
1552317979.3948975
1552317990.5502715
1552317998.0282733
1552318000.2252848
1552318000.5889735
1552318015.9477854
1552318026.7960327
1552318032.8745055
1552318041.0777392
1552318079.8847637
1552318087.4357913
1552318104.4241295
1552318116.8905952
1552318165.0739686
1552318168.4352348
1552318168.8645492
1552318172.117984
1552318205.052931
1552318243.0981672
1552318246.3468688
1552318246.776939
1552318249.9055164
1552318275.4684474
1552318288.979411
1552318293.7417827
1552318345.969943
1552318415.5270712
1552318451.5414224
1552318499.5750563
1552318534.678453
1552318535.2814326
1552318535.648524
1552318538.7086692
1552318549.9608772
1552318594.852873
1552318610.3642845
1552318615.4833622
1552318628.0897732
1552318659.96552
1552318669.8747787
1552318697.8286994
1552318732.9549396
1552318733.3831904
1552318771.4690254
1552318776.1694782
1552318776.6157446
1552318824.783861
1552318829.626922
1552318835.2115364
1552318839.5087445
1552318839.9470174
1552318862.6014953
1552318866.062752
1552318869.579914
1552318890.3447514
1552318892.149206
1552318892.5590086
1552318892.9645739
1552318913.0359244
1552318913.43829
1552318928.1940541
1552318970.472385
1552318972.3116748
1552319002.3360603
1552319006.585797
1552319021.5568826
1552319025.68759
1552319034.467257
1552319036.33658
1552319054.7543645
1552319063.5522509
1552319107.58704
1552319127.6847942
1552319139.2980068
1552319157.1968489
1552319172.0548916
1552319174.9208782
1552319195.6897123
1552319205.3431764
1552319209.647393
1552319225.7125187
1552319247.3319657
1552319273.467323
1552319278.1532116
1552319304.0170224
1552319319.8124092
1552319346.8583274
1552319350.3285885
1552319362.033925
1552319362.4588447
1552319371.0146432
1552319375.4857433
1552319398.9501693
1552319405.2484887
1552319438.186619
1552319467.069099
1552319517.3785512
1552319564.708368
1552319565.1045172
1552319602.549772
1552319616.1294904
1552319623.5370023
1552319669.3904805
1552319722.6563616
1552319724.1819224
1552319771.0801034
1552319807.8865387
1552319817.3683321
1552319856.2239766
1552319874.0472195
1552319882.9525921
1552319941.6720529
1552319944.980053
1552319946.7945662
1552319952.7827046
1552319985.2957082
1552319985.7096093
1552319991.1837292
1552319996.320972
1552320004.534243
1552320043.052116
1552320118.9732437
1552320137.5932724
1552320140.5591288
1552320147.3265877
1552320198.0207953
1552320250.6287801
1552320256.0681717
1552320276.5349011
1552320296.0732477
1552320303.0145035
1552320353.5696788
1552320384.7023938
1552320423.332822
1552320429.5356207
1552320430.9582024
1552320454.2402308
1552320471.9226863
1552320493.4802423
1552320506.932279
1552320510.8338888
1552320548.1156306
1552320602.644795
1552320609.5602891
1552320615.4083776
1552320624.3040378
1552320666.9083529
1552320724.819757
1552320751.5947456
1552320758.998271
1552320775.5158453
1552320781.000668
1552320799.6540465
1552320803.5476222
1552320819.732609
1552320835.0895002
1552320861.9461899
1552320865.3863764
1552320874.8009832
1552320901.1932666
1552320925.7906864
1552320989.4534266
1552321001.3453915
1552321021.2320383
1552321034.2321146
1552321054.5759144
1552321089.105489
1552321122.8969884
1552321127.5154674
1552321130.5146945
1552321131.9447396
1552321133.8186212
1552321148.701374
1552321158.2966216
1552321228.365906
1552321248.0688665
1552321267.1087909
1552321299.4250603
1552321323.2910173
1552321332.0317528
1552321336.7821553
1552321426.5552962
1552321478.2441752
1552321497.1442037
1552321533.2866547
1552321574.77931
1552321642.2274349
1552321651.1179972
1552321680.9408176
1552321703.3553777
1552321707.487376
1552321720.5772388
1552321722.2731948
1552321810.7742767
1552321833.4402747
1552321898.951052
1552321942.0865269
1552321942.5340831
1552321961.1579065
1552321995.3701386
1552322015.8286893
1552322021.5425391
1552322035.1317203
1552322080.8615043
1552322083.7350721
1552322085.6385124
1552322088.9491868
1552322092.5185926
1552322093.798358
1552322095.6187377
1552322098.443151
1552322110.0606382
1552322127.0693295
1552322155.9110658
1552322157.369837
1552322195.4821897
1552322215.2673674
1552322222.5016437
1552322233.3815045
1552322254.522583
1552322258.7969937
1552322298.268929
1552322303.2579355
1552322311.9180813
1552322313.748281
1552322323.72339
1552322331.5870373
1552322338.3795993
1552322343.9088926
1552322357.0135732
1552322369.5138576
1552322381.447934
1552322384.6934874
1552322418.6361063
1552322419.0694163
1552322436.8554766
1552322439.8125436
1552322447.8430057
1552322477.897562
1552322541.0171597
1552322542.4898462
1552322542.9305794
1552322572.2631717
1552322621.0427139
1552322640.3265376
1552322657.946363
1552322671.361215
1552322672.5429025
1552322683.509783
1552322698.5368881
1552322698.9136057
1552322732.9159348
1552322736.1091344
1552322764.0473297
1552322774.113808
1552322788.538012
1552322789.6083994
1552322793.2131293
1552322793.663692
1552322804.997443
1552322816.3083978
1552322825.522819
1552322845.3330553
1552322875.9054759
1552322887.2751632
1552322893.5225878
1552322896.961778
1552322914.3264644
1552322920.8910725
1552322944.1017222
1552322967.224673
1552322987.6974847
1552323000.6187012
1552323022.581924
1552323035.512062
1552323098.454197
1552323122.9321392
1552323157.48511
1552323164.2578392
1552323164.670887
1552323176.5604682
1552323180.4652984
1552323192.7518365
1552323215.4099646
1552323227.4906292
1552323236.7181706
1552323261.1764987
1552323288.252318
1552323319.1063368
1552323334.8954499
1552323336.8089316
1552323340.0608177
1552323349.6654305
1552323397.2040143
1552323419.9239788
1552323436.0654008
1552323439.6835153
1552323450.1923444
1552323452.0631223
1552323461.9576468
1552323486.5405097
1552323490.121127
1552323493.3937147
1552323495.2052372
1552323505.2943034
1552323545.553903
1552323552.819856
1552323582.6349282
1552323606.3876405
1552323606.8054414
1552323615.5732496
1552323618.0555015
1552323619.899661
1552323627.4432135
1552323692.2590628
1552323698.1646497
1552323763.3453314
1552323784.1215055
1552323799.6588392
1552323802.6371424
1552323833.3884466
1552323849.87909
1552323868.1103048
1552323883.6173046
1552323912.5173392
1552323915.702725
1552323949.624683
1552323994.8304994
1552324036.396254
1552324046.5827825
1552324077.1639075
1552324092.3336241
1552324104.6650803
1552324186.3453822
1552324201.455325
1552324250.7321668
1552324251.1447833
1552324262.0714066
1552324262.4839113
1552324276.0378017
1552324289.8241706
1552324295.550972
1552324298.7988832
1552324317.7303333
1552324318.179658
1552324372.6539583
1552324373.0943756
1552324376.3533638
1552324376.831366
1552324399.9198287
1552324411.59863
1552324460.7627728
1552324470.088276
1552324492.806106
1552324525.3202927
1552324547.6876538
1552324562.3230314
1552324573.5147843
1552324599.02794
1552324603.4253407
1552324624.605762
1552324631.5324652
1552324650.7817876
1552324656.919484
1552324756.6175826
1552324760.8705554
1552324833.1319492
1552324867.5049992
1552324869.3696742
1552324869.8077288
1552324914.2058368
1552324928.847359
1552324944.5734963
1552324947.4223676
1552324996.4734178
1552324998.3665762
1552325009.009599
1552325037.0106802
1552325053.5684588
1552325053.9396446
1552325083.91884
1552325111.0294898
1552325123.3824742
1552325160.5311983
1552325170.9592311
1552325211.9643629
1552325220.1676042
1552325223.4558423
1552325223.9265876
1552325245.2484055
1552325285.4893267
1552325287.2596488
1552325308.2007618
1552325324.4792118
1552325445.725713
1552325476.1806405
1552325481.1277964
1552325494.8991976
1552325527.1911705
1552325547.24249
1552325640.7460532
1552325665.9465945
1552325705.1856384
1552325723.7735314
1552325731.5017788
1552325766.178118
1552325800.4048972
1552325828.251005
1552325832.2720172
1552325833.7121527
1552325849.3924706
1552325851.5785413
1552325855.106266
1552325875.0003622
1552325939.4798615
1552325962.2634826
1552325977.8816037
1552325981.2009966
1552325994.8895736
1552326019.0473468
1552326030.086185
1552326035.3784134
1552326037.2178235
1552326049.0661726
1552326103.5038557
1552326117.2043366
1552326119.0780268
1552326134.5333903
1552326149.7495167
1552326154.1092095
1552326164.0039258
1552326185.0337994
1552326193.8078542
1552326195.254056
1552326195.6753135
1552326212.7462976
1552326230.6530733
1552326234.4584448
1552326296.9512973
1552326303.1079595
1552326359.9782238
1552326372.498202
1552326393.9850261
1552326395.81623
1552326396.220893
1552326408.4802887
1552326429.4198952
1552326433.154272
1552326437.3004196
1552326442.2974453
1552326453.562348
1552326476.0941436
1552326489.7299922
1552326494.0224001
1552326498.9795756
1552326507.7079902
1552326529.5238504
1552326553.5756981
1552326575.6011977
1552326591.2072425
1552326591.6038504
1552326593.3936155
1552326611.4694405
1552326633.9284706
1552326669.5887196
1552326689.9712427
1552326714.885439
1552326737.296765
1552326741.615908
1552326776.7059615
1552326790.3650918
1552326799.1099594
