1550292609.2994792
1550292614.838573
1550292711.8444686
1550292725.561315
1550292749.9964042
1550292761.824588
1550292846.762054
1550292868.4449818
1550292883.0402238
1550292904.9148202
1550292925.3827016
1550292942.6736245
1550292973.0663905
1550292992.2070384
1550293020.6928303
1550293045.8259006
1550293060.767112
1550293142.1030993
1550293163.85067
1550293252.2950575
1550293253.8330054
1550293269.4081547
1550293332.0468712
1550293464.1915967
1550293526.9801466
1550293680.7127256
1550293697.9885533
1550293708.9225087
1550293723.5895267
1550293759.2740788
1550293789.330359
1550293814.748351
1550293850.8953876
1550293866.3648736
1550293953.443978
1550293987.0015895
1550293989.483642
1550294017.170457
1550294061.605515
1550294072.3143642
1550294102.293488
1550294119.4351192
1550294131.291277
1550294204.7874622
1550294222.9213235
1550294236.764397
1550294268.9597535
1550294279.093962
1550294335.349672
1550294346.042388
1550294375.8879325
1550294396.1923351
1550294452.3945494
1550294466.4324868
1550294554.0695627
1550294580.3439238
1550294591.1180115
1550294627.1830416
1550294645.1904502
1550294689.4189682
1550294691.3491862
1550294825.2595298
1550294919.9930196
1550294952.5463715
1550294959.4138436
1550294979.2494123
1550295003.0818124
1550295014.8191597
1550295090.7561243
1550295099.02166
1550295116.950848
1550295119.4906445
1550295135.200173
1550295214.6729474
1550295226.524684
1550295308.0333064
1550295309.823343
1550295321.7390554
1550295399.5917623
1550295428.1940098
1550295441.4642715
1550295497.9354537
1550295508.842058
1550295556.5562673
1550295559.1444135
1550295588.3760302
1550295598.9406059
1550295611.658279
1550295661.242418
1550295682.4300268
1550295717.9907012
1550295719.8146203
1550295722.4781942
1550295744.5480764
1550295750.8770854
1550295761.066677
1550295777.952831
1550295804.1208866
1550295805.7320046
1550295843.6406796
1550295870.343717
1550295887.1528099
1550295891.0771818
1550295893.7095504
1550295914.1124372
1550295928.4676945
1550295941.9993336
1550295960.499346
1550296062.6833584
1550296077.5244145
1550296131.3565392
1550296148.9787562
1550296171.799267
1550296215.624125
1550296241.7895105
1550296252.302673
1550296302.9159303
1550296336.7928863
1550296378.9290605
1550296380.5361679
1550296397.8217692
1550296400.1646636
1550296414.7863085
1550296416.2214983
1550296429.2096443
1550296452.9471705
1550296507.8762093
1550296510.3974798
1550296660.9586084
1550296688.0553505
1550296719.413199
1550296739.801958
1550296745.213427
1550296755.800272
1550296768.5992756
1550296796.4934602
1550296801.4851153
1550296826.6924682
1550296849.6838555
1550296899.9293952
1550296910.6510112
1550296921.4020534
1550296963.9962406
1550296988.8416939
1550296999.6597438
1550297018.1449273
1550297050.5999157
1550297115.2706115
1550297142.039398
1550297198.231772
1550297220.6016371
1550297311.2754
1550297389.929674
1550297423.628497
1550297448.7620451
1550297460.7040915
1550297472.0949469
1550297486.2308593
1550297504.7259018
1550297531.6118999
1550297607.1593938
1550297687.8863797
1550297728.0363116
1550297791.6306975
1550297813.1688266
1550297835.4449136
1550297897.9968126
1550297927.3372612
1550297985.5435958
1550298009.3829474
1550298044.0142958
1550298054.9427905
1550298059.333865
1550298073.0285354
1550298115.9625163
1550298126.7786713
1550298139.7057447
1550298198.8466465
1550298209.7973232
1550298220.670232
1550298236.5669084
1550298267.1509354
1550298275.521901
1550298278.0397096
1550298298.1950088
1550298335.3480155
1550298407.2309957
1550298447.0925558
1550298457.8632529
1550298482.9944367
1550298487.1842191
1550298532.9537048
1550298559.2341619
1550298582.305513
1550298610.894978
1550298638.0276608
1550298667.1081553
1550298685.4409251
1550298708.6514657
1550298736.399116
1550298750.9245496
1550298788.8627942
1550298809.6848693
1550298823.0564797
1550298859.4223478
1550298887.7959466
1550298925.025719
1550298945.6480403
1550298999.039299
1550299020.4355497
1550299056.4655998
1550299070.0781438
1550299074.0977905
1550299165.6251996
1550299241.6327584
1550299256.0253768
1550299284.5243149
1550299295.5354385
1550299359.0624037
1550299375.3162684
1550299432.4076982
1550299444.9962099
1550299459.6139326
1550299485.3959746
1550299525.1593707
1550299568.490757
1550299608.5031018
1550299614.7043796
1550299664.3214083
1550299676.4115434
1550299683.2787085
1550299700.9915905
1550299725.2297473
1550299734.4118502
1550299746.527458
1550299759.963938
1550299785.659369
1550299797.612254
1550299820.3891997
1550299823.9782646
1550299836.3762171
1550299907.6916206
1550299951.7361097
1550299967.3104067
1550299973.2812464
1550299984.098102
1550299994.704465
1550300007.5059392
1550300013.7097566
1550300015.329975
1550300053.8487573
1550300069.3818102
1550300084.9484682
1550300109.0248163
1550300131.7360618
1550300136.0565343
1550300146.966355
1550300161.2642343
1550300165.0293097
1550300181.7619436
1550300246.3632038
1550300258.4904566
1550300275.9860108
1550300318.5774047
1550300330.390246
1550300341.315191
1550300369.9459577
1550300380.7147284
1550300406.9914217
1550300483.7769403
1550300533.7573738
1550300557.4435458
1550300559.190639
1550300592.569914
1550300605.9253843
1550300631.2654176
1550300651.982589
1550300669.6514974
1550300687.311857
1550300706.3216329
1550300740.5359156
1550300819.260198
1550300829.8665862
1550300955.000194
1550300978.488544
1550300983.7480927
1550300996.3100374
1550301030.1815987
1550301093.0294075
1550301104.4027126
1550301151.2180114
1550301169.613106
1550301175.8247669
1550301199.697933
1550301219.5893614
1550301276.9602966
1550301289.177575
1550301300.044377
1550301319.133383
1550301355.6747856
1550301408.619968
1550301427.6122649
1550301447.2767165
1550301474.4984567
1550301504.413255
1550301553.002388
1550301591.177029
1550301631.0143461
1550301633.584104
1550301649.7248554
1550301662.4330735
1550301673.1312044
1550301686.8606305
1550301818.932254
1550301872.5776887
1550301877.26896
1550301892.1678817
1550301900.016652
1550301910.868587
1550301941.3542712
1550301942.9302754
1550301963.971531
1550301975.808349
1550301983.1072803
1550302055.2076943
1550302086.8072603
1550302102.1942635
1550302131.539244
1550302139.9576883
1550302159.4526174
1550302178.6977785
1550302198.7859917
1550302209.5441735
1550302233.4387746
1550302244.1199336
1550302255.928194
1550302263.536717
1550302307.4387393
1550302327.7070365
1550302345.5815766
1550302420.8443415
1550302456.7498436
1550302505.0774832
1550302531.0307071
1550302566.1603487
1550302602.9022107
1550302618.1029558
1550302628.8670657
1550302648.2064192
1550302672.6737292
1550302683.390482
1550302735.5074923
1550302751.6520724
1550302775.329947
1550302850.75593
1550302884.675424
1550302891.6606584
1550302988.4419632
1550302990.016809
1550303004.0757835
1550303011.4457817
1550303026.8226328
1550303057.4575605
1550303094.855183
1550303119.840175
1550303131.3613567
1550303172.971547
1550303187.6848738
1550303248.550179
1550303270.9726133
1550303284.8250263
1550303295.5718992
1550303336.0863907
1550303345.5619905
1550303381.9240808
1550303410.5719311
1550303412.3300776
1550303415.0111935
1550303456.3979716
1550303469.1057258
1550303470.6764348
1550303520.9512572
1550303547.4421854
1550303562.9866767
1550303629.6421146
1550303652.5629065
1550303665.0110366
1550303686.6369956
1550303697.1211245
1550303714.1643512
1550303772.3221147
1550303774.017239
1550303787.4663513
1550303879.4350693
1550303890.403324
1550303892.9681382
1550303915.9743433
1550303963.8226938
1550303994.162273
1550304042.501801
1550304064.5568776
1550304082.5326457
1550304145.2579417
1550304260.1853976
1550304275.6329806
1550304345.148911
1550304356.7336137
1550304358.340981
1550304367.1616669
1550304373.0487807
1550304374.7604172
1550304413.9911723
1550304452.2251313
1550304487.3488913
1550304541.458592
1550304579.7578866
1550304593.115447
1550304606.1597452
1550304619.6135259
1550304691.2515874
1550304696.474983
1550304747.2207186
1550304760.8343163
1550304900.3646693
1550304911.2182999
1550304938.1286008
1550304961.3013196
1550305007.0262418
1550305024.3920395
1550305065.4549034
1550305066.8606677
1550305072.7461622
1550305101.150059
1550305110.7158766
1550305148.6333764
1550305168.881345
1550305195.5901103
1550305206.2461894
1550305208.9114108
1550305231.58852
1550305248.3961377
1550305250.235931
1550305269.558264
1550305295.323453
1550305298.0564466
1550305313.4423275
1550305338.9456415
1550305352.384208
1550305355.1402678
1550305393.8867424
1550305433.8864083
1550305444.7015052
1550305448.9361732
1550305458.444916
1550305516.9315002
1550305523.4147131
1550305663.732676
1550305674.6076484
1550305678.0901632
1550305720.4700937
1550305734.5151434
1550305748.0419538
1550305814.584174
1550305834.3656478
1550305864.7406938
1550305866.8122718
1550305888.0518105
1550305903.992483
1550305912.3189266
1550305923.987673
1550305954.133773
1550305977.9792597
1550306036.7045121
1550306053.3123198
1550306088.5009856
1550306096.5553205
1550306119.9648972
1550306125.4451787
1550306175.6067123
1550306214.082576
1550306225.992386
1550306244.3511653
1550306246.1738303
1550306247.8221657
1550306297.1406329
1550306349.6897972
1550306355.7652814
1550306367.1181846
1550306371.479167
1550306410.8190134
1550306431.0573215
1550306436.3851218
1550306444.497473
1550306458.9018018
1550306461.5686479
1550306472.4920747
1550306534.8435864
1550306582.0394154
1550306614.4812348
1550306629.3777635
1550306641.7041519
1550306663.784186
1550306693.2571013
1550306695.022327
1550306699.1701763
1550306770.9238582
1550306781.6785367
1550306799.529598
1550306833.1782026
1550306835.8137236
1550306846.607431
1550306850.35596
1550306875.261536
1550306898.3769364
1550306914.2306972
1550306945.0529006
1550306956.9127183
1550306997.3620026
1550307045.8743181
1550307064.2155058
1550307094.1425333
1550307119.260955
1550307145.2617314
1550307168.927352
1550307184.4681997
1550307193.3843496
1550307208.0957158
1550307281.020166
1550307282.7276638
1550307287.4226868
1550307291.9685676
1550307313.6949973
1550307327.196657
1550307343.8381116
1550307349.2458146
1550307395.419023
1550307422.6552916
1550307434.8801072
1550307441.2381587
1550307452.8355386
1550307480.5014117
1550307482.2382927
1550307500.559241
1550307632.761735
1550307714.840522
1550307798.5493977
1550307839.2541504
1550307879.3979712
1550307915.9941533
1550307955.3771815
1550307989.546054
1550308025.298836
1550308033.5189645
1550308047.094514
1550308055.3317382
1550308132.4830205
1550308150.1671126
1550308201.2819252
1550308244.9158857
1550308310.605634
1550308347.7556353
1550308353.0729442
1550308378.7660816
1550308405.3131306
1550308423.0849478
1550308433.8671072
1550308450.75875
1550308528.9144318
1550308552.183518
1550308621.0643146
1550308622.8918264
1550308640.6410692
1550308716.1819758
1550308742.8442674
1550308753.5060704
1550308759.9141846
1550308783.7325459
1550308790.1021411
1550308830.1977918
1550308847.4806864
1550308887.2796018
1550308967.114332
1550308972.5953119
1550308987.4660926
1550309095.3069553
1550309101.621106
1550309127.925332
1550309169.0016375
1550309199.6391325
1550309257.4848225
1550309287.0058117
1550309308.110436
1550309324.139511
1550309344.9524083
1550309355.678919
1550309389.6773555
1550309417.0036364
1550309504.96115
1550309526.3510222
1550309541.9776502
1550309552.7878187
1550309618.5434408
1550309630.482244
1550309681.5712605
1550309714.6333363
1550309723.5500975
1550309735.3468049
1550309752.112332
1550309815.4158835
1550309841.120372
1550309862.336081
1550309919.6714869
1550309933.4826832
1550309949.5708327
1550310008.5182507
1550310082.5711668
1550310098.0287817
1550310160.7378328
1550310167.8136895
1550310196.885565
1550310214.4881659
1550310230.8034644
1550310242.642756
1550310258.8670316
1550310292.5808613
1550310326.5906782
1550310341.0374846
1550310355.694412
1550310358.5269296
1550310369.1436694
1550310397.8569987
1550310456.3015535
1550310492.09082
1550310493.85052
1550310522.0351608
1550310535.4902706
1550310561.0728364
1550310569.9022593
1550310579.2542663
1550310586.697106
1550310591.8333058
1550310593.4184217
1550310651.8689547
1550310688.208961
1550310689.7385821
1550310707.969778
1550310716.0321255
1550310729.425941
1550310788.6056437
1550310791.0929737
1550310826.7450304
1550310846.711049
1550310863.386733
1550310898.1841478
1550310902.7239382
1550310945.161887
1550310957.3924677
1550310962.2248373
1550310975.6160185
1550310980.344617
1550311078.9473932
1550311114.5520859
1550311125.2143784
1550311146.846809
1550311179.921022
1550311198.2048025
1550311200.813265
1550311236.0652926
1550311255.6841617
1550311292.7250764
1550311330.3223674
1550311341.9688323
1550311366.9802954
1550311388.332844
1550311414.2332406
1550311438.2963893
1550311463.1302454
1550311478.0742505
1550311490.4292502
1550311622.3872168
1550311649.1686974
1550311662.759102
1550311665.2078133
1550311666.7700105
1550311703.5434582
1550311735.814073
1550311751.626536
1550311766.052568
1550311787.3109286
1550311809.692137
1550311834.8859563
1550311836.5731125
1550311840.1505063
1550311871.2957132
1550311969.434293
1550311980.2331405
1550311985.682044
1550311989.0512855
1550312039.4494166
1550312103.7262905
1550312133.1805952
1550312159.1496086
1550312192.1140177
1550312224.9084554
1550312284.4034386
1550312313.56052
1550312366.254945
1550312375.0545876
1550312426.0761354
1550312445.1359973
1550312468.7566814
1550312483.847989
1550312517.282511
1550312584.6461802
1550312607.2830422
1550312644.7243972
1550312661.5617611
1550312718.749487
1550312735.369219
1550312809.809397
1550312825.9003701
1550312850.5773315
1550312861.5689633
1550312878.7257676
1550312883.4603994
1550312917.8528829
1550312961.6805406
1550312963.5230227
1550312974.286318
1550313050.4675262
1550313062.3536792
1550313064.0316725
1550313084.511909
1550313115.7488773
1550313165.0877793
1550313176.9056432
1550313190.2007756
1550313219.536164
1550313231.652118
1550313254.9961672
1550313265.8926477
1550313288.7742095
1550313294.0456986
1550313347.0293047
1550313367.1574616
1550313379.1081982
1550313397.3851068
1550313445.6565366
1550313489.7916515
1550313542.2595189
1550313544.4632208
1550313558.7938983
1550313606.8101926
1550313625.1638532
1550313650.1217391
1550313655.50372
1550313667.0378308
1550313728.6344988
1550313755.4454334
1550313767.3165336
1550313856.9895203
1550313984.0973651
1550313990.4741533
1550314020.0145109
1550314036.5668662
1550314050.730257
1550314061.6474655
1550314099.2685285
1550314144.8898532
1550314156.671499
1550314160.7100418
1550314232.8714535
1550314243.647676
1550314257.1156929
1550314334.1961677
1550314358.6563458
1550314373.9801037
1550314385.7511833
1550314397.509597
1550314432.7246382
1550314461.7184942
1550314473.0132098
1550314478.1295927
1550314500.739148
1550314527.2751946
1550314536.1129224
1550314546.8075733
1550314563.6497307
1550314593.467498
1550314595.3133943
1550314621.2492187
1550314709.5766957
1550314721.5058436
1550314736.0520382
1550314747.9141715
1550314759.5546076
1550314817.3779721
1550314869.9620945
1550314900.1538298
1550314919.7591875
1550314930.448955
1550314963.330804
1550315004.0165517
1550315005.9467745
1550315090.3667202
1550315163.4397893
1550315180.4871695
1550315189.6086557
1550315204.598766
1550315221.851865
1550315255.4856155
1550315263.1259606
1550315288.8625221
1550315340.6015122
1550315344.9500191
1550315360.043806
1550315371.9974058
1550315385.7613587
1550315396.536318
1550315419.28197
1550315428.4560113
1550315475.8663116
1550315522.732357
1550315539.6897252
1550315588.4222424
1550315599.1231809
1550315637.734572
1550315674.6402283
1550315683.9150295
1550315709.285067
1550315763.0562718
1550315767.4013348
1550315782.7185557
1550315809.0193324
1550315850.8832493
1550315934.8252356
1550315969.9473672
1550315981.7536237
1550316000.0897753
1550316071.376798
1550316074.0871947
1550316085.7910974
1550316099.6320474
1550316147.9308605
1550316186.6949067
1550316236.309699
1550316239.9201899
1550316252.6767197
1550316255.048084
1550316273.322982
1550316280.2332573
1550316344.2116222
1550316354.7408519
1550316366.5188878
1550316392.2730432
1550316398.9076664
1550316412.4463258
1550316424.2711017
1550316441.0726197
1550316445.7566705
1550316452.9293418
1550316463.7371645
1550316478.2039437
1550316482.4134996
1550316486.9559715
1550316511.7969356
1550316581.4251585
1550316625.9291546
1550316654.6856503
1550316659.7782762
1550316670.5701725
1550316707.5653484
1550316735.1912603
1550316759.1070907
1550316785.0065014
1550316786.4067354
1550316794.9503236
1550316844.3017755
1550316889.7850492
1550316900.5379155
1550316911.3816392
1550316950.2013214
1550316955.1568036
1550316978.7317832
1550316989.3853312
1550317001.561471
1550317012.456094
1550317048.8213825
1550317210.6609704
1550317234.2329168
1550317236.5652452
1550317238.4982479
1550317272.3372052
1550317318.5984726
1550317320.4129345
1550317329.5819256
1550317335.1583228
1550317351.0648904
1550317410.0258772
1550317425.6624885
1550317445.4759054
1550317458.9078712
1550317462.897755
1550317486.7048566
1550317535.5487335
1550317565.782444
1550317692.804086
1550317754.1601286
1550317755.6244836
1550317772.703339
1550317779.0585754
1550317799.385006
1550317826.923297
1550317837.7809656
1550317866.3531764
1550317887.8338861
1550317894.4335372
1550317950.572535
1550317997.4474597
1550317999.1613317
1550318016.6673484
1550318033.1962276
1550318066.086001
1550318088.4997995
1550318116.1356504
1550318187.587084
1550318214.5716085
1550318242.1858842
1550318267.5312388
1550318271.0444622
1550318324.8331654
1550318343.0732088
1550318345.5779831
1550318417.0364678
1550318427.8516855
1550318454.5600693
1550318461.7362769
1550318478.4736946
1550318495.2949073
1550318499.4198377
1550318512.8445673
1550318516.9477975
1550318548.3117664
1550318559.0740473
1550318600.906279
1550318621.3209262
1550318645.1950717
1550318699.948935
1550318713.186619
1550318729.7869627
1550318756.8919554
1550318768.648975
1550318776.080663
1550318855.4427388
1550318937.6116264
1550318939.449355
1550318952.298977
1550318980.1077104
1550318990.9510868
1550319030.8070183
1550319050.4932466
1550319064.2771943
1550319113.159907
1550319138.6475139
1550319152.0170658
1550319214.1355548
1550319218.554553
1550319228.555873
1550319244.673816
1550319275.5801601
1550319317.1772754
1550319359.5142486
1550319400.4829288
1550319413.7906134
1550319425.6961086
1550319427.5803602
1550319450.5931585
1550319509.1854434
1550319510.7458591
1550319513.4188507
1550319604.6875663
1550319640.6130362
1550319646.708381
1550319745.4055037
1550319768.8996606
1550319809.6876957
1550319858.7464626
1550319920.082082
1550319927.7549577
1550319940.9968927
1550319959.994567
1550319979.5791466
1550320024.70711
1550320062.2428648
1550320068.6015198
1550320106.884132
1550320169.4662251
1550320233.692326
1550320259.4614577
1550320296.8388274
1550320307.3727562
1550320335.969556
1550320338.6928632
1550320350.1719599
1550320362.131068
1550320374.6032424
1550320378.923502
1550320434.6571386
1550320448.6595287
1550320458.5821958
1550320477.6684077
1550320497.213672
1550320510.093218
1550320607.0598567
1550320652.9433906
1550320667.120454
1550320770.0917377
1550320782.1846192
1550320788.871603
1550320801.6679778
1550320837.8841217
1550320935.875238
1550320946.6713874
1550320964.6741517
1550321006.657404
1550321034.4230237
1550321043.5039008
1550321072.8209913
1550321079.1382565
1550321118.85711
1550321142.715078
1550321171.1529794
1550321175.7214642
1550321180.0237918
1550321255.599601
1550321284.0919168
1550321328.795693
1550321352.6657875
1550321410.4690597
1550321475.695991
1550321490.7746494
1550321505.1207173
1550321528.7055671
1550321568.3787754
1550321643.3433175
1550321651.3318465
1550321665.6936767
1550321676.7276218
1550321692.6935
1550321705.7736585
1550321720.3428724
1550321749.4743474
1550321753.2665002
1550321765.333034
1550321781.7245977
1550321837.8123498
1550321866.0451038
1550321878.9373083
1550321904.4136252
1550321924.5925095
1550321947.9767797
1550321962.598658
1550321978.2424574
1550322033.9019768
1550322048.936194
1550322061.9719656
1550322066.8811283
1550322078.8919733
1550322140.0271807
1550322172.049038
1550322207.4837742
1550322223.9606488
1550322250.4709775
1550322262.0673475
1550322280.0943906
1550322294.0737634
1550322332.5021713
1550322379.0241904
1550322381.1252816
1550322387.762176
1550322390.2318394
1550322408.1643648
1550322430.4150746
1550322447.2926853
1550322458.4044392
1550322474.1223915
1550322498.0461876
1550322507.5163841
1550322529.9882188
1550322541.8452818
1550322604.7955604
1550322628.3984382
1550322695.2157362
1550322696.523582
1550322726.3088892
1550322746.7182214
1550322786.1529965
1550322797.4276464
1550322799.2821732
1550322823.7752867
1550322851.039193
1550322852.6793365
1550322857.844991
1550322874.585672
1550322885.5507967
1550322917.7215457
1550322928.5473912
1550322945.0009842
1550322970.470743
1550323006.1477284
1550323017.0527518
1550323027.8557596
1550323067.692569
1550323073.1275294
1550323102.149398
1550323113.995846
1550323128.4240377
1550323171.7238045
1550323192.6842225
1550323224.9395525
1550323233.5403023
1550323253.2312684
1550323278.408506
1550323289.2120605
1550323323.6937938
1550323333.7276928
1550323346.8012056
1550323361.2414808
1550323377.187444
1550323403.7326183
1550323410.2217655
1550323428.7505834
1550323476.4697013
1550323500.5810382
1550323529.709918
1550323578.4633255
1550323599.9275525
1550323610.9067876
1550323618.7826936
1550323651.0240595
1550323664.3598764
1550323670.7691014
1550323672.4829369
1550323679.7637708
1550323700.5618944
1550323711.5570667
1550323752.0467556
1550323763.633083
1550323766.233675
1550323806.2488515
1550323820.1327274
1550323850.2081578
1550323861.3656738
1550323875.0647216
1550323886.721164
1550323915.7497354
1550324004.0218425
1550324012.5540974
1550324071.213625
1550324077.7814307
1550324099.7077188
1550324106.3551915
1550324137.4038684
1550324161.62425
1550324235.472083
1550324237.0962822
1550324273.8200076
1550324317.1376014
1550324355.2839339
1550324377.6058862
1550324384.0497873
1550324458.4358025
1550324486.8970964
1550324509.0077765
1550324526.662984
1550324537.6667032
1550324555.6218166
1550324573.1047132
1550324598.883314
1550324639.3421502
1550324680.7128727
1550324685.2672462
1550324690.562345
1550324692.1152153
1550324741.5198395
1550324769.2620428
1550324771.7670584
1550324782.6850417
1550324795.498065
1550324823.7229342
1550324838.242484
1550324877.6910837
1550324880.3851705
1550324936.8953629
1550324946.5509574
1550325014.2352352
1550325038.8287444
1550325054.6242812
1550325075.8590317
1550325163.8548436
1550325182.393168
1550325188.5579767
1550325194.5848656
1550325250.160079
1550325276.130887
1550325294.63572
1550325335.5646012
1550325394.2851481
1550325406.0891936
1550325442.538741
1550325450.2406852
1550325494.884863
1550325503.1680698
1550325525.5962489
1550325528.6929862
1550325621.2366695
1550325632.1194775
1550325640.917095
1550325646.5573783
1550325664.4325743
1550325681.2087364
1550325692.7912488
1550325732.47271
1550325736.1198807
1550325754.2960823
1550325757.852631
1550325768.6435454
1550325800.3331747
1550325828.0389206
1550325850.1180625
1550325877.8890986
1550325887.858996
1550325919.7964692
1550325959.411914
1550325992.9089072
1550326072.2717595
1550326097.3607843
1550326122.2483609
1550326139.9068496
1550326233.238774
1550326244.0711133
1550326271.272707
1550326293.9676168
1550326295.724669
1550326305.2137923
1550326334.548047
1550326352.9338908
1550326391.3038192
1550326470.1998022
1550326494.0305624
1550326519.1058137
1550326547.906103
1550326595.8673744
1550326616.189824
1550326638.7238224
1550326656.8899364
1550326665.8835661
1550326696.8511367
1550326701.743829
1550326712.6207874
1550326745.5804975
1550326774.8625307
1550326794.5007346
1550326822.3134217
1550326852.261936
1550326868.486909
1550326913.7977808
1550326934.517788
1550326962.542381
1550326997.5887365
1550327056.5168405
1550327083.9185312
1550327145.6426156
1550327162.491478
1550327222.6824925
1550327270.6871753
1550327273.204532
1550327285.12231
1550327292.6080973
1550327304.8148513
1550327334.1317923
1550327366.6398716
1550327404.5532725
1550327452.342431
1550327526.6376057
1550327531.9399345
1550327556.3846602
1550327587.3825762
1550327626.0534005
1550327630.757263
1550327652.1618638
1550327672.6049833
1550327680.803038
1550327691.3885086
1550327703.3181129
1550327730.9995732
1550327742.7476408
1550327755.3096855
1550327781.2343824
1550327785.544623
1550327794.5706525
1550327800.8835278
1550327823.8600752
1550327848.0989165
1550327861.6224446
1550327880.5103443
1550327895.2062047
1550327915.3537598
1550327988.7625437
1550328000.6962612
1550328011.6701877
1550328025.5833988
1550328037.8767433
1550328060.2306118
1550328157.7544582
1550328162.581437
1550328184.61
1550328217.479603
1550328280.5928502
1550328284.6311297
1550328287.3693097
1550328355.3768911
1550328390.9721756
1550328410.0870347
1550328434.9412928
1550328450.7496026
1550328452.4100611
1550328484.0051825
1550328501.4706366
1550328516.4804306
1550328527.1758668
1550328592.8628137
1550328616.2801805
1550328658.9052541
1550328660.369614
1550328834.2212656
1550328854.6527638
1550328998.816745
1550329039.4472802
1550329098.2376919
1550329190.0944557
1550329214.3761148
1550329310.1255229
1550329320.777634
1550329380.4115934
1550329402.800444
1550329438.4317822
1550329460.2826536
1550329477.2998521
1550329579.6100273
1550329604.2336009
1550329625.9016838
1550329649.5477796
1550329670.407749
1550329694.4578784
1550329714.9656887
1550329725.8040156
1550329790.5758386
1550329803.8688035
1550329873.5700014
1550329884.346376
1550329900.800319
1550329910.5377045
1550329963.613851
1550329983.295041
1550329994.2120035
1550330007.8191602
1550330071.6299717
1550330085.2233
1550330142.2568424
1550330145.7006512
1550330150.9913309
1550330193.9844437
1550330211.9401917
1550330222.9167016
1550330280.9280355
1550330348.5221403
1550330363.0317798
1550330374.6345365
1550330397.3445477
1550330413.6108236
1550330495.6130025
1550330526.3213792
1550330538.2124102
1550330549.0379045
1550330601.1485674
1550330622.5242975
1550330647.7501273
1550330655.8458564
1550330676.3194013
1550330690.2167406
1550330702.3456929
1550330715.513295
1550330732.0863357
1550330754.3107235
1550330764.8876646
1550330796.6361382
1550330816.8223648
1550330827.6849082
1550330831.7455158
1550330856.429243
1550330883.7586951
1550330905.4547737
1550330907.0866544
1550330917.8607306
1550330969.4666154
1550330970.758667
1550330978.1156945
1550331003.4388118
1550331035.427334
1550331038.1432188
1550331049.0960853
1550331071.377824
1550331078.6332438
1550331082.08901
1550331097.1159644
1550331113.3506021
1550331128.957957
1550331142.4143858
1550331152.669233
1550331155.344505
1550331176.1864612
1550331231.34942
1550331241.101118
1550331254.5591168
1550331312.3182242
1550331323.7925794
1550331348.795142
1550331351.348691
1550331395.008172
1550331400.249326
1550331429.3838053
1550331445.2718978
1550331494.2060807
1550331509.4637184
1550331522.1182418
1550331541.5357513
1550331570.890553
1550331585.4697604
1550331592.6171384
1550331635.5050588
1550331669.2527149
1550331699.7145936
1550331732.6808872
1550331744.577601
1550331786.0094273
1550331793.5850585
1550331815.1878064
1550331826.4865224
1550331894.9734387
1550331908.5106122
1550331910.0455136
1550331939.5734603
1550331963.0045168
1550331977.8641393
1550332050.4089234
1550332083.4378905
1550332095.027805
1550332100.6003423
1550332116.2435253
1550332143.0264595
1550332162.621884
1550332173.524952
1550332187.432731
1550332243.7749052
1550332261.2287579
1550332292.28858
1550332369.3651
1550332374.078417
1550332426.2711742
1550332498.0219717
1550332513.3634377
1550332605.8762813
1550332641.7095895
1550332688.481223
1550332739.3357005
1550332775.972508
1550332841.28771
1550332851.1378803
1550332892.9053137
1550332906.2936246
1550332940.908224
1550332968.910702
1550333040.4319358
1550333049.6726394
1550333084.7116897
1550333096.5197122
1550333121.4624677
1550333170.3140619
1550333226.6112583
1550333311.9023378
1550333315.272159
1550333320.2344382
1550333357.4895098
1550333363.412649
1550333397.4190536
1550333435.2489412
1550333436.9446182
1550333513.0758295
1550333537.317089
1550333551.1270735
1550333582.5676672
1550333690.8900657
1550333705.3759596
1550333723.7347126
1550333759.0739129
1550333821.0622847
1550333828.7113907
1550333866.251008
1550333913.376018
1550333928.9643066
1550333934.2957797
1550333945.0825386
1550333987.7466524
1550334021.1578324
1550334072.023162
1550334103.3965797
1550334141.228511
1550334152.202871
1550334163.8692672
1550334203.8111448
1550334246.6989079
1550334337.928127
1550334350.7668276
1550334355.5905433
1550334388.349289
1550334425.7299788
1550334454.2918892
1550334491.0180228
1550334507.6517653
1550334559.191866
1550334563.8484404
1550334574.5817146
1550334650.4049041
1550334700.4492238
1550334719.4519627
1550334761.6169438
1550334763.1380482
1550334783.4103324
1550334795.3955932
1550334829.1942863
1550334849.2152317
1550334897.086714
1550334901.3215895
1550334927.7432969
1550334955.0908654
1550334979.3224103
1550335028.2245722
1550335041.0582526
1550335059.271433
1550335128.8798316
1550335137.8647213
1550335154.6299877
1550335184.6341639
1550335195.82847
1550335214.073896
1550335256.3707387
1550335309.131547
1550335326.1788707
1550335348.0134523
1550335358.723467
1550335397.9143531
1550335401.3559763
1550335407.1892815
1550335470.694104
1550335492.5209694
1550335531.414529
1550335583.6504588
1550335585.2837377
1550335600.8827486
1550335642.8518457
1550335664.4004037
1550335709.8888984
1550335732.871401
1550335748.597594
1550335762.7343159
1550335775.8301132
1550335791.0775528
1550335805.2020016
1550335818.79688
1550335832.0663483
1550335860.9447498
1550335910.5675058
1550335920.376493
1550335928.370079
1550335980.3377142
1550336007.5915272
1550336031.3096974
1550336055.925822
1550336067.909678
1550336079.8538013
1550336087.752869
1550336103.1217182
1550336121.7320158
1550336132.473313
1550336141.913843
1550336154.7122946
1550336178.757956
1550336185.11092
1550336244.046139
1550336264.8049715
1550336269.1557043
1550336378.1917665
1550336428.2670834
1550336442.815439
1550336546.8944807
1550336561.194126
1550336574.2564678
1550336585.5368598
1550336605.5117958
1550336625.6759226
1550336742.208811
1550336764.116667
1550336782.2305758
1550336822.2223637
1550336842.934713
1550336853.7435849
1550336856.4444475
1550336869.3767588
1550336870.961329
1550336947.288958
1550336989.7611957
1550337006.7107358
1550337040.2061548
1550337056.3244162
1550337071.4360757
1550337106.0497563
1550337116.009498
1550337182.272904
1550337205.559269
1550337219.9237487
1550337235.2060914
1550337240.751377
1550337308.1735153
1550337331.60834
1550337342.5117033
1550337373.741755
1550337407.144553
1550337418.6755395
1550337437.3225448
1550337448.076687
1550337449.9125383
1550337491.455706
1550337502.3707511
1550337507.5137734
1550337508.8741894
1550337548.7559676
1550337551.6296494
1550337562.9648588
1550337567.8819206
1550337589.3129916
1550337603.8130312
1550337611.71495
1550337632.4601264
1550337634.0549877
1550337651.3157856
1550337673.1398404
1550337685.1036694
1550337739.3974347
1550337750.1302133
1550337758.2159615
1550337775.972912
1550337857.2548268
1550337869.3210714
1550337930.4712336
1550337961.898447
1550337983.3865209
1550338080.7984793
1550338093.2286615
1550338116.63559
1550338143.2694275
1550338160.696486
1550338171.6214736
1550338201.5804446
1550338245.4367816
1550338288.2742918
1550338298.9499533
1550338330.964286
1550338364.3561203
1550338399.118894
1550338412.4324927
1550338440.067594
1550338442.556577
1550338454.7191107
1550338456.3711095
1550338476.6459694
1550338498.9276147
1550338523.0541198
1550338566.540089
1550338591.000803
1550338647.4498959
1550338655.0790627
1550338672.7283258
1550338683.545846
1550338713.476127
1550338727.958491
1550338735.931314
1550338755.4371634
1550338759.876805
1550338803.3834941
1550338813.6788628
1550338850.3512704
1550338867.3255672
1550338884.916162
1550338919.4136527
1550338937.2400467
1550338939.2316046
1550338977.463184
1550339042.3116977
1550339044.9393234
1550339065.8178647
1550339095.6315491
1550339128.0068758
1550339155.6647763
1550339166.5373442
1550339178.337775
1550339216.728579
1550339280.1916926
1550339296.631826
1550339299.2430065
1550339325.4573433
1550339328.1466699
1550339358.5032992
1550339404.7532547
1550339428.8469486
1550339503.8015585
1550339595.7786934
1550339606.7312734
1550339617.5818675
1550339679.4503481
1550339712.7691448
1550339724.6934042
1550339730.7604408
1550339768.1746464
1550339808.821009
1550339823.7152243
1550339850.9960508
1550339944.8598695
1550339956.7829154
1550339967.6928647
1550340017.2560718
1550340075.3746698
1550340116.950145
1550340151.4073975
1550340208.2468863
1550340220.172927
1550340318.9984338
1550340338.751072
1550340355.0530627
1550340389.7104106
1550340391.3168933
1550340412.3935714
1550340550.044598
1550340568.732839
1550340580.5238812
1550340604.4409056
1550340622.182296
1550340638.5847836
1550340656.8611042
1550340698.8865955
1550340710.6371918
1550340722.5391724
1550340797.420335
1550340845.184753
1550340864.2419138
1550340903.0503325
1550340912.442704
1550340925.7724354
1550340991.657663
1550341027.3822923
1550341029.0625334
1550341046.2998521
1550341051.966352
1550341077.6210728
1550341102.4592223
1550341143.9400609
1550341187.2900503
1550341211.6918638
1550341214.365084
1550341227.455388
1550341251.0583334
1550341267.80878
1550341360.2569468
1550341368.0115855
1550341386.16477
1550341391.0993714
1550341393.5685494
1550341409.9685156
1550341424.4339702
1550341445.4737375
1550341493.9356692
1550341505.0291867
1550341516.9112022
1550341533.5501945
1550341562.8162606
1550341573.0039988
1550341600.9933653
1550341613.0106454
1550341623.9988925
1550341639.9291337
1550341656.8421347
1550341672.417164
1550341688.3521643
1550341740.498382
1550341744.9646442
1550341761.3525157
1550341785.9866295
1550341821.6161559
1550341849.3097537
1550341871.6231496
1550341899.455903
1550341915.813972
1550341931.5577607
1550341943.5175252
1550341986.8559823
1550342001.586093
1550342025.234501
1550342054.4086115
1550342067.7120802
1550342103.9110012
1550342115.1141484
1550342189.9158576
1550342254.0035007
1550342273.3123982
1550342275.6415846
1550342321.0515232
1550342350.0594137
1550342365.4528487
1550342372.586212
1550342401.270738
1550342432.8650095
1550342438.880496
1550342463.7231488
1550342487.566181
1550342503.9698696
1550342511.2634947
1550342546.5353985
1550342572.2752647
1550342575.9019992
1550342594.126864
1550342613.675165
1550342652.4731696
1550342734.5593746
1550342751.37217
1550342762.9107795
1550342823.1142657
1550342829.1584997
1550342850.6464813
1550342906.2261112
1550342933.7859216
1550342936.2759411
1550342955.1884427
1550342987.980349
1550343005.970668
1550343028.4998765
1550343050.1909096
1550343074.50488
1550343085.2353518
1550343105.2936847
1550343116.3327339
1550343169.3958392
1550343171.974325
1550343190.8315923
1550343214.7082057
1550343227.9858475
1550343245.3442435
1550343355.3138902
1550343415.364827
1550343461.3130567
1550343500.3680625
1550343510.864671
1550343530.259219
1550343582.2269773
1550343629.8385901
1550343644.6385953
1550343656.6295989
1550343671.1136754
1550343673.4978538
1550343784.2600517
1550343813.0533602
1550343837.9056559
1550343856.1970098
1550343933.7183409
1550343972.4508677
1550344052.5134652
1550344134.5516312
1550344163.9065294
1550344188.4689684
1550344207.0751498
1550344217.1598098
1550344273.8893402
1550344308.1052701
1550344330.108346
1550344356.504101
1550344404.477855
1550344473.4174416
1550344494.902094
1550344497.800029
1550344542.4721532
1550344547.353317
1550344572.7943466
1550344606.2311392
1550344619.6816308
1550344639.139967
1550344704.2726934
1550344720.884444
1550344744.2822978
1550344809.7978387
1550344811.3132715
1550344864.126186
1550344899.58007
1550344904.9619377
1550344929.5775208
1550344959.4609098
1550344981.6510618
1550344984.5525658
1550345006.3418705
1550345023.235397
1550345052.558504
1550345070.6877854
1550345118.4527507
1550345119.9032564
1550345144.0676708
1550345160.9606125
1550345171.6719224
1550345185.5175362
1550345204.0492256
1550345217.641433
1550345355.29619
1550345373.1684391
1550345442.5274286
1550345456.4856117
1550345458.0782874
1550345467.4338558
1550345549.9315672
1550345561.6949055
1550345580.1529233
1550345612.0530503
1550345621.5287938
1550345645.0026164
1550345664.268352
1550345854.1240885
1550345871.0938427
1550345891.9943779
1550345907.8581066
1550345910.320508
1550345928.8520372
1550345968.404118
1550345992.327699
1550345997.0192933
1550345999.5636463
1550346043.2206528
1550346068.9846318
1550346077.6046307
1550346079.9833798
1550346099.4497216
1550346131.4314404
1550346171.6714518
1550346176.7841408
1550346191.5042682
1550346199.3262348
1550346273.3007565
1550346290.0805254
1550346322.816692
1550346333.5197835
1550346365.5336664
1550346418.5556083
1550346442.81641
1550346478.0364916
1550346529.3932502
1550346552.9395876
1550346560.5479279
1550346587.6881862
1550346596.9648724
1550346608.614062
1550346617.0136757
1550346626.682958
1550346655.5796695
1550346659.500791
1550346679.373002
1550346750.3822193
1550346776.2888165
1550346806.6618211
1550346815.296587
1550346873.2822452
1550346884.1389067
1550346939.36132
1550347005.4564502
1550347062.5282898
1550347092.610573
1550347160.2729602
1550347184.7700586
1550347188.4171798
1550347193.4586327
1550347201.1447403
1550347249.516112
1550347285.020677
1550347301.5384307
1550347316.418373
1550347374.4676433
1550347387.9861717
1550347393.069083
1550347395.5543041
1550347421.2127597
1550347438.6476922
1550347464.6067386
1550347494.399128
1550347499.4733183
1550347519.6323905
1550347524.3244545
1550347546.5444942
1550347578.8139746
1550347582.7704957
1550347628.1669085
1550347703.9305587
1550347706.5134192
1550347766.2129047
1550347785.211396
1550347852.1812127
1550347882.3955379
1550347895.8002026
1550347952.2700624
1550347970.5669258
1550347981.3332896
1550347992.0049243
1550348001.3813372
1550348029.4993532
1550348042.3406546
1550348043.8859556
1550348087.860198
1550348117.662935
1550348130.5706031
1550348144.664585
1550348163.4444556
1550348171.314798
1550348184.5459416
1550348217.3610137
1550348256.809877
1550348289.516406
1550348312.6363573
1550348323.492024
1550348340.407724
1550348385.5416567
1550348420.4269898
1550348445.3313565
1550348459.2361999
1550348489.1754377
1550348533.75122
1550348618.1631472
1550348628.8227773
1550348669.0878959
1550348682.1902044
1550348750.6655304
1550348789.7346437
1550348791.386786
1550348805.3610744
1550348822.1956108
1550348948.5383468
1550348963.711493
1550348990.6373122
1550349034.284127
1550349112.3748038
1550349123.3240805
1550349133.4131427
1550349139.4023755
1550349174.1027644
1550349235.6456556
1550349284.917862
1550349317.5792365
1550349356.9051785
1550349401.4861355
1550349428.9340193
1550349464.2358184
1550349489.7167826
1550349508.1897912
1550349530.6021087
1550349533.3966272
1550349551.0362318
1550349648.3784978
1550349653.8266504
1550349741.0848982
1550349751.3604097
1550349780.7373881
1550349805.7426503
1550349816.9887135
1550349872.6500812
1550349903.2628765
1550349924.9589987
1550349953.777661
1550349983.1486957
