1552969432.8967898
1552969443.8234878
1552969454.7644286
1552969484.2418108
1552969496.0950031
1552969521.7066562
1552969527.2179492
1552969566.9929872
1552969622.6032038
1552969629.6528196
1552969651.9643152
1552969691.2687435
1552969703.1255846
1552969754.9542263
1552969777.1958084
1552969790.726448
1552969802.48282
1552969813.3971214
1552969832.4370997
1552969834.8948102
1552969873.0845225
1552969916.8493934
1552969925.3231323
1552969934.9665678
1552969952.6442592
1552969995.1522613
1552970008.4367743
1552970028.0968072
1552970046.923097
1552970206.90591
1552970247.6930544
1552970269.938564
1552970298.238945
1552970316.174587
1552970336.3080544
1552970364.4576998
1552970368.4330204
1552970492.926957
1552970516.602302
1552970540.4969296
1552970566.2792356
1552970579.6347134
1552970606.714792
1552970621.1868453
1552970681.8582592
1552970702.1736085
1552970730.702404
1552970803.7136514
1552970846.2012608
1552970852.6029263
1552970900.9317696
1552970912.4153993
1552970925.2354672
1552970976.43273
1552970999.3510203
1552971028.8790092
1552971047.1932726
1552971066.9993858
1552971073.6264412
1552971088.9742918
1552971131.5417888
1552971147.8255308
1552971158.5976565
1552971172.9682145
1552971205.2121127
1552971217.035409
1552971246.9075856
1552971339.6202729
1552971362.718347
1552971410.2872543
1552971411.7954805
1552971419.3056657
1552971460.221558
1552971484.7733693
1552971527.9462578
1552971543.7386458
1552971576.6840103
1552971601.1312788
1552971668.8932905
1552971690.1417572
1552971693.7310321
1552971702.4761124
1552971768.8861325
1552971785.6064553
1552971803.5245419
1552971826.6415477
1552971837.4232137
1552971842.5775437
1552971853.20709
1552971869.4289682
1552971890.0255222
1552971974.4852424
1552971987.2877643
1552972052.5511732
1552972079.0470858
1552972090.218485
1552972111.6170828
1552972118.9609203
1552972120.5239506
1552972168.3591726
1552972179.2760794
1552972208.7947567
1552972220.4108841
1552972244.458642
1552972296.6810362
1552972301.2980077
1552972318.8931665
1552972368.5251706
1552972397.0715153
1552972414.9568403
1552972416.7028964
1552972429.3924515
1552972440.1089337
1552972447.9443755
1552972477.4899156
1552972528.2075577
1552972533.3340006
1552972547.6800702
1552972564.1622913
1552972588.8652794
1552972600.7143662
1552972647.0957997
1552972756.0048242
1552972765.2433653
1552972774.8973815
1552972783.2004733
1552972827.1099565
1552972831.1559322
1552972860.7387543
1552972883.8651724
1552972887.5653002
1552972888.9768462
1552972901.4995785
1552972912.4019208
1552972950.6495368
1552972988.267247
1552973027.0043287
1552973082.8092244
1552973090.876922
1552973124.9432037
1552973131.4485815
1552973169.0573254
1552973187.7874038
1552973260.9581509
1552973270.8858624
1552973341.0374274
1552973436.7443686
1552973458.7291842
1552973482.6887307
1552973549.819888
1552973591.07817
1552973608.0307937
1552973618.834088
1552973645.3957398
1552973658.4200566
1552973681.5511138
1552973713.9464037
1552973730.3298385
1552973755.6746652
1552973770.9966567
1552973793.0424678
1552973836.3206189
1552973880.3342288
1552973926.3684006
1552973960.1805851
1552974031.9789023
1552974067.3795445
1552974094.5395873
1552974097.042168
1552974124.7965684
1552974227.9540334
1552974243.0270813
1552974284.9656057
1552974298.2011595
1552974318.7957122
1552974322.8702521
1552974382.6995966
1552974436.7603002
1552974468.999604
1552974482.6690466
1552974546.8608289
1552974559.8739035
1552974568.029449
1552974570.485219
1552974660.3909597
1552974671.2539895
1552974685.7432969
1552974735.2208395
1552974736.7348697
1552974760.453051
1552974832.6023283
1552974849.0556452
1552974895.8232598
1552974916.8180735
1552974935.9779694
1552974938.6825418
1552974955.502543
1552974971.2507906
1552974983.2275028
1552975011.6813445
1552975023.599147
1552975043.2747886
1552975070.8751988
1552975135.1256528
1552975139.8713274
1552975165.5711467
1552975183.0570273
1552975212.7012167
1552975247.8123693
1552975297.1723115
1552975299.6209776
1552975327.7992606
1552975363.0492132
1552975425.7285936
1552975494.6430924
1552975515.9114912
1552975517.692214
1552975537.013583
1552975560.3307724
1552975588.7377236
1552975649.582551
1552975659.3232567
1552975671.0029113
1552975684.125376
1552975743.0127003
1552975770.656263
1552975792.3896194
1552975801.241482
1552975806.3541706
1552975849.3066735
1552975920.5830364
1552975939.8066633
1552975958.967922
1552975979.8663907
1552975994.9018412
1552976052.617188
1552976063.6169848
1552976118.4747148
1552976149.0254977
1552976202.4375827
1552976228.9703808
1552976246.6984506
1552976248.3449302
1552976277.6685677
1552976289.4812264
1552976304.1237338
1552976319.5754168
1552976344.8151329
1552976350.3210747
1552976351.9851289
1552976363.1188593
1552976370.720487
1552976397.3075144
1552976461.046608
1552976532.699613
1552976625.3615165
1552976740.5205119
1552976759.8962994
1552976793.7575653
1552976840.6819048
1552976851.5424912
1552976891.5914714
1552976897.0329897
1552976908.0510545
1552976940.384775
1552976951.192284
1552976977.1642962
1552976995.3943396
1552977017.919777
1552977050.3933969
1552977065.418328
1552977098.7877412
1552977118.5118492
1552977144.8600667
1552977153.4065864
1552977155.0604384
1552977174.9958405
1552977188.7807908
1552977214.5458121
1552977229.5011516
1552977248.829035
1552977299.3566377
1552977304.8010998
1552977363.5116394
1552977394.0690207
1552977455.9208794
1552977458.3865082
1552977523.1912735
1552977534.045521
1552977585.9139576
1552977707.3496702
1552977735.214202
1552977758.024784
1552977786.3486063
1552977792.413423
1552977811.5133033
1552977822.26198
1552977852.6560605
1552977861.8773553
1552977874.873205
1552977901.0257344
1552977940.889321
1552977948.3184226
1552977968.9022875
1552977971.7575996
1552977977.9620395
1552978003.827216
1552978014.6335344
1552978060.7494256
1552978133.4998066
1552978164.0019736
1552978167.8415205
1552978197.9983933
1552978215.341326
1552978216.7179136
1552978254.9331105
1552978267.5018475
1552978294.4399302
1552978328.8736148
1552978333.8586433
1552978368.241979
1552978378.0548089
1552978382.903363
1552978394.5531979
1552978402.8347533
1552978427.1639948
1552978441.28125
1552978458.2050178
1552978459.8783195
1552978466.8155115
1552978539.1415563
1552978561.760697
1552978563.1684198
1552978574.110932
1552978642.8770626
1552978694.286774
1552978695.8336549
1552978739.4727871
1552978766.5010333
1552978792.5229676
1552978820.884268
1552978834.445412
1552978835.9498246
1552978892.368716
1552978915.031995
1552978920.832983
1552978934.797846
1552978956.0240242
1552978994.4137237
1552978997.9273672
1552979005.7044754
1552979018.4603283
1552979038.1229758
1552979078.2354789
1552979169.5265696
1552979214.7873926
1552979219.1389964
1552979243.9876866
1552979263.6130722
1552979279.1884663
1552979309.3808002
1552979363.9328377
1552979382.3000321
1552979389.7199497
1552979415.120879
1552979439.8913062
1552979446.0061443
1552979505.7276402
1552979507.638618
1552979534.9307323
1552979573.9616144
1552979575.6751711
1552979611.8367076
1552979637.1664398
1552979688.8686042
1552979697.8056517
1552979705.8939664
1552979740.345089
1552979765.0621505
1552979766.5880172
1552979785.1894307
1552979800.4685526
1552979811.1467984
1552979830.2962432
1552979838.3061721
1552979854.4344585
1552979857.216215
1552979859.0369985
1552979872.3872395
1552979923.304437
1552979948.0642729
1552980006.3743973
1552980200.6341333
1552980225.4302747
1552980249.3044183
1552980301.3859863
1552980321.0897846
1552980368.5405948
1552980379.8554168
1552980426.432754
1552980434.4513626
1552980464.8498802
1552980498.0322378
1552980500.6089065
1552980507.4967427
1552980543.9610949
1552980570.5232902
1552980576.873536
1552980596.361835
1552980650.583428
1552980701.5278287
1552980718.6021936
1552980741.1705546
1552980762.1807568
1552980780.2003188
1552980784.015583
1552980786.7402244
1552980795.2182896
1552980925.0060866
1552980953.0684884
1552980979.4141612
1552980988.9392245
1552980999.846969
1552981004.9041595
1552981011.0996916
1552981059.5976162
1552981088.94933
1552981126.2131798
1552981150.3275545
1552981161.0082188
1552981200.5110424
1552981219.194008
1552981225.6967897
1552981231.2308695
1552981296.8362873
1552981319.98204
1552981356.0959477
1552981377.0123973
1552981387.7981853
1552981421.9401493
1552981467.0215826
1552981481.552739
1552981491.5365207
1552981507.0981724
1552981539.4394422
1552981553.2377987
1552981565.0845115
1552981635.7072318
1552981662.5820823
1552981665.3371365
1552981696.0769641
1552981808.686433
1552981860.3888707
1552981872.1598053
1552981896.4835784
1552981909.2903607
1552981963.340019
1552982000.1468508
1552982116.4139686
1552982127.9787498
1552982143.53952
1552982148.408756
1552982178.697026
1552982242.7306287
1552982313.9362836
1552982324.8017375
1552982362.0439556
1552982363.5953453
1552982444.1094465
1552982455.1027532
1552982475.8139176
1552982512.6387491
1552982529.2192283
1552982545.541407
1552982557.2264683
1552982572.487419
1552982584.3158762
1552982596.294231
1552982639.3792336
1552982672.6469116
1552982688.0159469
1552982711.967628
1552982723.7256892
1552982729.0987663
1552982733.3081253
1552982743.1070952
1552982774.042653
1552982823.2680254
1552982866.6480932
1552982869.2827904
1552982893.833468
1552982926.065701
1552982943.6724806
1552982948.280248
1552982972.9074473
1552982974.4744422
1552982987.3463383
1552983000.0484157
1552983015.8612213
1552983071.4788425
1552983079.6800325
1552983102.3016555
1552983155.4979577
1552983191.1320734
1552983205.7788455
1552983235.0104358
1552983265.3565655
1552983298.8855927
1552983334.3617196
1552983363.400108
1552983365.1413329
1552983430.0531507
1552983492.839832
1552983503.6294417
1552983536.1559227
1552983568.0047817
1552983627.518546
1552983638.386175
1552983703.5627496
1552983759.3393905
1552983807.146107
1552983847.248307
1552983866.7350507
1552983900.1658938
1552983903.9068704
1552983923.029805
1552983932.3025162
1552983961.8565948
1552983977.1026435
1552984050.3344247
1552984155.2393339
1552984161.0070965
1552984212.1056073
1552984236.3440278
1552984278.4385006
1552984311.3906772
1552984323.1388364
1552984333.9453669
1552984352.1949732
1552984355.0869663
1552984371.5144093
1552984390.131407
1552984435.0510502
1552984436.9396346
1552984503.347509
1552984549.5014074
1552984689.925803
1552984706.1753335
1552984739.2730935
1552984751.3182933
1552984791.0560875
1552984815.6408436
1552984845.0890543
1552984853.5219784
1552984855.1693733
1552984901.7421951
1552984972.622216
1552984995.47229
1552985060.4365277
1552985102.7419937
1552985113.7288945
1552985132.4981978
1552985174.6682932
1552985185.5901961
1552985194.3266776
1552985202.0783908
1552985234.8004365
1552985255.1554167
1552985290.1051009
1552985343.9255598
1552985409.6511064
1552985423.7820122
1552985452.7550776
1552985470.575855
1552985516.2777479
1552985529.4593434
1552985596.531263
1552985611.05009
1552985622.272004
1552985675.144736
1552985694.2057116
1552985695.9210124
1552985730.27078
1552985765.1916049
1552985776.0074975
1552985820.6338615
1552985863.1338573
1552985887.8485656
1552985915.4657414
1552985958.4073308
1552985997.2710943
1552986013.8671498
1552986177.5123858
1552986236.157952
1552986264.3606513
1552986274.0143607
1552986282.2603695
1552986294.0293605
1552986305.0201035
1552986315.705161
1552986317.0603108
1552986346.3686671
1552986385.485878
1552986387.0347795
1552986413.1082807
1552986414.784313
1552986442.6765654
1552986449.1143558
1552986498.2579517
1552986519.572601
1552986543.8554783
1552986562.235701
1552986573.138456
1552986582.4737287
1552986613.5274644
1552986631.2509594
1552986645.6176696
1552986667.7777565
1552986688.3500617
1552986751.560474
1552986757.3610272
1552986760.221453
1552986764.9491987
1552986786.133184
1552986804.9884276
1552986806.6518545
1552986816.66218
1552986830.3203478
1552986834.9480412
1552986863.8315377
1552986867.7727556
1552986915.8178382
1552986946.7294767
1552986962.8670068
1552986991.357442
1552987064.9556947
1552987077.9994228
1552987088.8506343
1552987117.506753
1552987181.5803037
1552987218.4952352
1552987264.4366844
1552987330.2801232
1552987500.3084009
1552987518.6385152
1552987554.9626155
1552987599.6776576
1552987617.1596992
1552987633.8420038
1552987682.6506052
1552987713.2422385
1552987741.2639942
1552987764.19115
1552987772.6038792
1552987784.429786
1552987803.455904
1552987806.015009
1552987810.8163073
1552987822.387822
1552987860.257744
1552987882.5455308
1552987918.6780608
1552987967.5305402
1552987969.2864664
1552987990.0461066
1552988013.2056832
1552988058.316842
1552988098.4487011
1552988111.9727056
1552988126.7710123
1552988130.4339395
1552988157.9447832
1552988167.204844
1552988200.376391
1552988222.900563
1552988226.628536
1552988254.6142118
1552988272.7662616
1552988296.0541244
1552988315.3439782
1552988318.0336287
1552988342.070634
1552988388.657974
1552988415.1124392
1552988425.935387
1552988461.8346634
1552988509.655653
1552988538.7685075
1552988545.9889565
1552988556.89245
1552988566.7932012
1552988612.5927918
1552988641.2154102
1552988659.8979983
1552988674.6095748
1552988719.1111112
1552988724.5736787
1552988764.9237158
1552988779.8471692
1552988819.525667
1552988886.2680717
1552988888.1000345
1552988926.280461
1552988976.1132472
1552988992.7131276
1552989020.7594876
1552989061.404125
1552989137.1379318
1552989149.960823
1552989189.5718145
1552989226.388609
1552989250.6456294
1552989269.18224
1552989277.2560918
1552989300.9726374
1552989307.326977
1552989339.6813242
1552989361.6357677
1552989383.221551
1552989405.8606455
1552989441.1229515
1552989453.5537057
1552989493.9440963
1552989529.924277
1552989561.641364
1552989654.179224
1552989684.715083
1552989762.2054718
1552989784.7613816
1552989833.3692293
1552989845.1362686
1552989849.2704387
1552989875.466825
1552989966.825172
1552989974.3425117
1552989981.3809311
1552989992.1587188
1552990013.4516742
1552990032.9057565
1552990067.80802
1552990093.0820627
1552990094.7497394
1552990127.5648012
1552990138.3745565
1552990235.7984755
1552990244.8888962
1552990310.8238297
1552990340.696107
1552990347.559779
1552990352.9445171
1552990382.142953
1552990482.0554283
1552990500.628796
1552990524.283964
1552990549.7763288
1552990554.075469
1552990564.8126743
1552990576.0512006
1552990636.4641094
1552990701.3096645
1552990712.1452603
1552990732.7384744
1552990776.536709
1552990788.487002
1552990807.067335
1552990818.0188663
1552990828.8692462
1552990889.1358097
1552990905.0795448
1552990918.8646889
1552990946.3913925
1552990966.8253446
1552990999.3628166
1552991014.8794565
1552991034.1587143
1552991053.7290587
1552991077.4157166
1552991088.1110365
1552991119.5653243
1552991135.6032681
1552991146.072895
1552991169.6426108
1552991183.917953
1552991186.5126534
1552991197.3323514
1552991212.1722655
1552991239.0865116
1552991257.9511235
1552991278.1108212
1552991300.32158
1552991311.2391212
1552991452.0104427
1552991473.75824
1552991484.6493647
1552991576.0103679
1552991608.3593009
1552991652.5497901
1552991668.0191307
1552991670.8270872
1552991698.315412
1552991754.0391338
1552991770.0558922
1552991839.8997564
1552991859.1140578
1552991867.8909714
1552991901.5704842
1552991915.7950075
1552991917.4149046
1552991942.7196054
1552991963.0582106
1552991997.450074
1552992006.3927472
1552992086.7750654
1552992122.5798154
1552992139.3231466
1552992152.3229997
1552992172.771769
1552992199.5583968
1552992201.2623792
1552992206.6545038
1552992234.3227267
1552992239.6239028
1552992279.1142983
1552992280.7749746
1552992307.092754
1552992353.5961914
1552992361.017605
1552992462.309456
1552992470.453275
1552992490.6569183
1552992501.2918844
1552992516.8343165
1552992560.428607
1552992571.1867247
1552992598.9534392
1552992609.8603396
1552992651.4436743
1552992683.5913174
1552992709.541218
1552992726.6364863
1552992737.362919
1552992774.4546254
1552992790.678743
1552992809.157926
1552992848.8202975
1552992872.0611567
1552992890.0583842
1552992946.1392493
1552992949.563962
1552993006.3198216
1552993046.3710635
1552993087.073184
1552993107.6529582
1552993119.443666
1552993146.0542445
1552993182.539698
1552993187.9747503
1552993238.0755012
1552993281.8074858
1552993296.3135278
1552993328.7196176
1552993345.7386298
1552993439.0766792
1552993441.4905972
1552993462.5990694
1552993486.3031037
1552993496.9599564
1552993511.6773078
1552993574.810751
1552993597.3821776
1552993686.1008677
1552993711.7560763
1552993714.2927856
1552993734.2546706
1552993737.8323927
1552993748.7003355
1552993796.180718
1552993806.451116
1552993814.8334484
1552993836.8982549
1552993847.6702044
1552993895.1191087
1552993921.0369136
1552993933.7463658
1552993936.5394335
1552993945.2862277
1552993993.2094705
1552994080.4584167
1552994083.2305627
1552994090.7259781
1552994128.3781319
1552994152.273078
1552994164.3883069
1552994190.8242376
1552994229.8986921
1552994241.890088
1552994274.725774
1552994276.3239594
1552994300.0405006
1552994325.8669648
1552994356.9976346
1552994383.1263056
1552994442.1141453
1552994514.272336
1552994515.9416938
1552994547.8683288
1552994553.7406178
1552994569.2039824
1552994605.529543
1552994617.3250823
1552994629.4776244
1552994638.4747536
1552994650.0135996
1552994700.345839
1552994747.2156303
1552994775.0650153
1552994813.5825949
1552994880.432592
1552994934.7702603
1552994964.9873927
1552994978.28237
1552995015.3738434
1552995027.2297077
1552995090.7056117
1552995093.3357575
1552995096.0676498
1552995109.3894885
1552995139.5608666
1552995156.0851624
1552995172.1296442
1552995179.4201906
1552995182.0961022
1552995214.692681
1552995240.174671
1552995241.6673927
1552995259.483032
1552995278.7462661
1552995296.1025755
1552995326.8474498
1552995329.1703846
1552995375.8867445
1552995408.0289023
1552995409.8929272
1552995429.4425695
1552995442.782543
1552995450.8069797
1552995482.4778614
1552995490.0244668
1552995519.1229596
1552995536.6317604
1552995539.0432289
1552995585.0649934
1552995632.1302662
1552995668.841614
1552995692.8585596
1552995701.5162106
1552995714.9098525
1552995725.8727345
1552995736.5421839
1552995800.165991
1552995803.1693778
1552995814.9641604
1552995835.1031346
1552995880.7262466
1552995913.588606
1552995997.4521291
1552996008.1488702
1552996012.5141013
1552996033.466839
1552996037.9563074
1552996063.8628695
1552996118.6625702
1552996171.0538242
1552996173.6105144
1552996193.9903283
1552996214.844321
1552996271.1542256
1552996283.8836088
1552996294.998196
1552996337.272802
1552996345.0061216
1552996361.9202797
1552996378.589006
1552996389.1505637
1552996420.2117426
1552996455.5227146
1552996515.7520866
1552996523.8858225
1552996559.3050911
1552996582.232288
1552996602.174494
1552996634.9164116
1552996695.0171428
1552996699.520323
1552996709.2592332
1552996745.2507575
1552996756.0837026
1552996783.7270863
1552996807.04514
1552996816.549897
1552996837.2655027
1552996885.6593454
1552996913.798178
1552996922.991455
1552996934.807135
1552996980.3581023
1552996996.6528397
1552997018.843557
1552997026.8450687
1552997040.1409926
1552997052.6548972
1552997056.3551946
1552997068.8364618
1552997092.7529254
1552997095.3916814
1552997106.136771
1552997122.5367577
1552997140.428917
1552997143.1700573
1552997196.5019917
1552997223.1116726
1552997233.0224528
1552997245.8420658
1552997283.9309201
1552997289.2212598
1552997330.4153295
1552997360.4032447
1552997401.6232405
1552997426.6999714
1552997481.1986263
1552997501.9329731
1552997512.7190168
1552997542.00347
1552997566.1300092
1552997624.1108203
1552997687.9193265
1552997689.7355404
1552997701.6543636
1552997767.8095324
1552997780.201313
1552997792.1245368
1552997803.8882744
1552997828.8326724
1552997840.3553324
1552997865.3215652
1552997885.2400646
1552997886.8259754
1552997923.2464454
1552997982.8583179
1552998009.6269748
1552998012.2540886
1552998060.9702613
1552998085.2047346
1552998093.8769171
1552998101.3012745
1552998113.1719844
1552998140.6057782
1552998158.8332412
1552998232.874436
1552998254.592459
1552998266.3858643
1552998271.4391527
1552998276.6666913
1552998330.7531493
1552998344.5221298
1552998346.89694
1552998351.5518188
1552998387.223638
1552998397.206992
1552998418.3830535
1552998448.2136214
1552998481.1015382
1552998486.2973056
1552998496.9014084
1552998541.5706446
1552998551.4736657
1552998644.3455145
1552998663.4596999
1552998674.3538952
1552998686.3094592
1552998707.4132698
1552998735.8018627
1552998760.4385269
1552998780.8527808
1552998790.0907707
1552998799.8762605
1552998822.9002662
1552998852.6293392
1552998952.5675437
1552998964.4140372
1552998966.1566844
1552998980.3008225
1552999001.7341168
1552999019.648648
1552999083.488086
1552999111.2565594
1552999130.110561
1552999199.013083
1552999234.61951
1552999256.8981655
1552999258.5592067
1552999303.7428188
1552999341.2231
1552999345.7400122
1552999354.273196
1552999365.040025
1552999418.992457
1552999453.9624093
1552999535.5508459
1552999571.1922233
1552999573.935601
1552999611.4794216
1552999614.0867674
1552999646.4269972
1552999663.2524488
1552999699.169292
1552999710.075629
1552999758.3982441
1552999833.429392
1552999892.4527946
1552999907.0754309
1552999945.3890338
1552999960.2222652
1552999982.4399767
1553000021.2568998
1553000035.7020612
1553000092.373576
1553000099.5879612
1553000134.30658
1553000148.4020233
1553000150.984515
1553000195.0825932
1553000200.4370964
1553000206.7652793
1553000229.5566545
1553000240.352459
1553000259.5329938
1553000282.5179439
1553000289.2286565
1553000311.6770816
1553000320.9474847
1553000395.5493567
1553000410.021756
1553000452.484558
1553000485.1934657
1553000492.8518608
1553000527.3437266
1553000539.2070572
1553000544.0113497
1553000563.6274598
1553000600.0916317
1553000625.5262597
1553000651.2564812
1553000657.348485
1553000709.124385
1553000720.9284136
1553000816.7213354
1553000850.9056995
1553000865.8596468
1553000874.7864559
1553000906.680722
1553000954.126909
1553000955.656329
1553000973.8902004
1553000984.7528431
1553001057.6312318
1553001080.5220337
1553001094.4731765
1553001112.1717892
1553001153.3376613
1553001197.7367554
1553001219.3894656
1553001242.6853259
1553001262.607074
1553001268.0051403
1553001278.9720697
1553001285.2302864
1553001316.34277
1553001341.5089993
1553001352.2264907
1553001474.6085324
1553001493.1236835
1553001510.2530587
1553001580.6104546
1553001614.320476
1553001636.3255832
1553001689.7064486
1553001721.64931
1553001742.8602784
1553001764.038559
1553001774.1133344
1553001784.9284432
1553001796.5478325
1553001808.494416
1553001831.4929345
1553001857.3487704
1553001875.923094
1553001918.103454
1553001934.7769043
1553001957.5393128
1553001994.5044823
1553002033.9398968
1553002042.1770668
1553002063.153013
1553002150.4143186
1553002157.7368155
1553002208.7847602
1553002226.926126
1553002259.090617
1553002279.1672623
1553002283.9029112
1553002339.8140223
1553002359.2487333
1553002411.6252222
1553002415.1751628
1553002422.1274428
1553002423.8926322
1553002435.7663755
1553002460.2040017
1553002539.549004
1553002573.9492216
1553002650.5997734
1553002687.0361545
1553002710.616461
1553002724.3369195
1553002729.959516
1553002755.1589077
1553002770.0282185
1553002787.5479882
1553002812.9782104
1553002879.6673362
1553002910.4649713
1553002952.2969315
1553003008.2643025
1553003074.234774
1553003075.938569
1553003078.5229728
1553003100.0414598
1553003102.7469714
1553003108.9938238
1553003120.7234707
1553003136.6198783
1553003163.1448739
1553003174.2903461
1553003182.679584
1553003195.4589703
1553003200.0992103
1553003243.3853862
1553003264.7501142
1553003280.3668673
1553003288.6525617
1553003290.3215568
1553003296.9886653
1553003322.8068197
1553003390.2280757
1553003422.7425609
1553003476.8581192
1553003491.2756255
1553003520.4278147
1553003528.3669894
1553003529.8334508
1553003548.1718876
1553003569.7764447
1553003584.6494591
1553003639.264409
1553003661.320692
1553003675.2948575
1553003696.101504
1553003722.6584094
1553003745.733991
1553003848.9536428
1553003855.2408948
1553003933.0838928
1553003955.1218169
1553004061.1913407
1553004062.6915364
1553004070.2559521
1553004077.2211673
1553004086.2614431
1553004097.1398525
1553004127.8067265
1553004139.78293
1553004155.191976
1553004173.605238
1553004234.248344
1553004278.5440376
1553004284.627885
1553004307.528028
1553004334.0544438
1553004372.286508
1553004388.2085247
1553004415.8931065
1553004453.6120613
1553004501.0783072
1553004506.3337076
1553004522.0107026
1553004563.9285955
1553004621.4812398
1553004646.9174805
1553004701.2147195
1553004815.4251018
1553004860.6530375
1553004886.6104572
1553004918.9113865
1553004955.9127426
1553005004.335807
1553005026.4978542
1553005033.6865041
1553005049.9912343
1553005119.6815631
1553005183.1661844
1553005190.0879483
1553005207.296901
1553005232.8052256
1553005264.163709
1553005333.807837
1553005358.031629
1553005369.8620663
1553005392.7253003
1553005395.5592518
1553005409.0294638
1553005433.4725
1553005447.4196134
1553005463.7938356
1553005471.7705414
1553005491.6774569
1553005502.514317
1553005507.4300444
1553005519.3296988
1553005603.1548505
1553005607.8500504
1553005622.8371317
1553005642.3065448
1553005682.8128042
1553005743.3066738
1553005759.1814249
1553005772.4280624
1553005834.2134328
1553005885.8220606
1553005890.45299
1553005940.4201798
1553005951.3147452
1553005952.9361098
1553005981.8302033
1553005991.2831666
1553006002.5310173
1553006021.4391344
1553006070.7094388
1553006084.4199564
1553006135.6235266
1553006137.285454
1553006164.25232
1553006192.5313492
1553006253.525441
1553006292.3991396
1553006319.7416158
1553006358.966026
1553006421.9387596
1553006428.1909676
1553006454.86696
1553006457.4950728
1553006460.1693213
1553006469.417177
1553006472.811739
1553006510.4661138
1553006533.4050875
1553006556.9455354
1553006558.1693256
1553006616.0407083
1553006627.05885
1553006653.7053041
1553006683.0676525
1553006688.6834621
1553006717.8741517
1553006748.348434
1553006770.3818455
1553006790.0648985
1553006798.3856428
1553006818.031311
1553006826.7987099
1553006851.2726614
1553006863.2821562
1553006927.894484
1553006966.2622752
1553006971.5415776
1553007008.1102793
1553007012.495992
1553007019.9853637
1553007028.440484
1553007079.5384603
1553007107.3008268
1553007108.814437
1553007123.6473656
1553007142.6269157
1553007171.0660963
1553007173.458373
1553007208.500819
1553007221.2307985
1553007275.149817
1553007351.4036174
1553007356.8700185
1553007364.4607403
1553007371.2899652
1553007395.7229922
1553007407.487796
1553007417.8307753
1553007432.5549045
1553007447.8094664
1553007459.56666
1553007481.0904298
1553007537.7057254
1553007551.9717054
1553007573.875981
1553007599.7970865
1553007664.3862376
1553007682.0019126
1553007702.3703074
1553007732.5186017
1553007790.32025
1553007802.2095017
1553007822.795997
1553007833.6222441
1553007844.6170716
1553007863.7996147
1553007895.1520305
1553007906.0801332
1553007958.2359664
1553007988.4222863
1553008026.8364632
1553008075.903777
1553008086.0521345
1553008088.795296
1553008090.4407008
1553008159.3860767
1553008204.4425266
1553008253.9362426
1553008302.0004032
1553008329.7315648
1553008385.3637295
1553008388.1598032
1553008488.9553745
1553008490.4262602
1553008506.922328
1553008511.3838832
1553008519.4036071
1553008537.1332355
1553008553.0742788
1553008603.8814673
1553008663.0819576
1553008675.4187331
1553008680.5570877
1553008713.202705
1553008719.499208
1553008737.068847
1553008751.6260788
1553008782.3940477
1553008784.5327406
1553008801.2573023
1553008821.006887
1553008825.8013299
1553008919.7013347
1553008935.6527307
1553008946.4304953
1553008963.387319
1553008965.102818
1553009007.9381409
1553009044.629614
1553009053.628354
1553009068.813456
1553009089.9416254
1553009140.887827
1553009145.7599888
1553009167.75006
1553009170.4095948
1553009186.3583927
1553009195.642529
1553009208.9889295
1553009235.600776
1553009262.2140896
1553009277.5807488
1553009298.3492408
1553009305.5172522
1553009316.3012745
1553009340.3632011
1553009345.7238457
1553009374.070061
1553009394.9311152
1553009428.2511332
1553009485.4438035
1553009505.7994475
1553009535.2263103
1553009597.426408
1553009603.0135808
1553009691.6293864
1553009739.9662192
1553009792.190417
1553009806.543705
1553009810.9223907
1553009837.9875886
1553009853.2064795
1553009886.8782368
1553009930.1291504
1553009999.6354089
1553010019.99399
1553010030.8976123
1553010044.7497997
1553010061.141147
1553010062.5679274
1553010067.1227539
1553010096.873516
1553010102.2032588
1553010213.5302653
1553010305.043056
1553010327.8129141
1553010342.6907456
1553010361.8373876
1553010384.7784944
1553010395.4914303
1553010425.6006079
1553010463.5089478
1553010492.7952616
1553010496.9734395
1553010513.29622
1553010555.1753912
1553010568.933814
1553010577.3608177
1553010588.4425128
1553010607.1979039
1553010626.8239808
1553010651.9140294
1553010653.4867945
1553010661.246765
1553010761.416976
1553010786.8465655
1553010878.227741
1553010890.1690626
1553010914.19518
1553010944.5517125
1553010955.1432905
1553010972.6802108
1553010983.3557434
1553010995.1361032
1553010998.6590257
1553011001.5219123
1553011073.7904453
1553011100.2792373
1553011112.8762147
1553011163.7617953
1553011171.049691
1553011172.777405
1553011279.9802847
1553011286.4072118
1553011315.2138233
1553011333.8512392
1553011338.9761631
1553011349.8994842
1553011414.4674847
1553011435.1054614
1553011451.2805617
1553011455.4788284
1553011505.9476702
1553011554.4185653
1553011583.6927886
1553011594.5261867
1553011614.9507978
1553011617.15452
1553011686.4612195
1553011715.2079537
1553011771.2231588
1553011797.797123
1553011826.7912743
1553011846.2509878
1553011887.9473763
1553011899.7574053
1553011915.5281396
1553011920.874589
1553011946.795544
1553011994.1556287
1553012014.400277
1553012034.874318
1553012051.7044117
1553012095.0043292
1553012122.1008801
1553012217.6321688
1553012275.352307
1553012282.6252077
1553012332.014351
1553012345.6922245
1553012385.6757762
1553012389.3035173
1553012403.813331
1553012422.0079534
1553012461.3860073
1553012484.1811383
1553012490.9900331
1553012520.478115
1553012565.6473415
1553012577.4212096
1553012603.728942
1553012613.9826367
1553012667.6762636
1553012680.4924974
1553012695.4692645
1553012709.535825
1553012721.3866675
1553012736.0082896
1553012746.9401834
1553012768.987002
1553012820.4203267
1553012836.1891606
1553012848.132943
1553012866.8691928
1553012890.5854454
1553012918.7364774
1553012940.3595157
1553013014.3859534
1553013039.185376
1553013050.10359
1553013120.9166026
1553013136.903625
1553013169.8861976
1553013193.7507558
1553013211.1523678
1553013229.383706
1553013278.1438627
1553013333.9162383
1553013376.9395444
1553013381.5771508
1553013407.094687
1553013462.8638322
1553013466.459608
1553013477.4218612
1553013502.4469948
1553013583.9329536
1553013604.8001795
1553013619.2107544
1553013655.004219
1553013665.627364
1553013677.6604173
1553013690.529404
1553013706.3474069
1553013717.248371
1553013867.8145463
1553013901.388315
1553013919.7396204
1553013925.881014
1553013955.461847
1553013966.2705846
1553014004.819837
1553014017.7145653
1553014124.846422
1553014129.4102135
1553014152.7704995
1553014217.2846203
1553014243.2091374
1553014279.5077157
1553014290.3657126
1553014300.1349645
1553014342.1121206
1553014345.5920258
1553014352.1764581
1553014379.3690543
1553014396.3879998
1553014411.8330564
1553014453.1142051
1553014485.3398423
1553014498.3882108
1553014539.7469141
1553014548.8293788
1553014581.2060788
1553014604.539613
1553014621.8650749
1553014623.4534748
1553014711.0649369
1553014742.1781132
1553014756.4953763
1553014758.1104357
1553014799.251201
1553014816.0424101
1553014817.8135514
1553014844.2893784
1553014852.2198424
1553014870.6974819
1553014882.0942907
1553014920.934752
1553014923.660651
1553014934.4520378
1553014963.1547651
1553014971.2409873
1553015003.594628
1553015014.4108968
1553015044.1605792
1553015045.8615916
1553015099.5139832
1553015135.4265087
1553015146.6753895
1553015148.3017683
1553015177.3304737
1553015208.083908
1553015272.1337147
1553015278.3453815
1553015295.3208122
1553015306.18442
1553015321.4114668
1553015343.6904762
1553015369.8898737
1553015381.6476502
1553015401.6677802
1553015403.276398
1553015460.3115697
1553015471.2794814
1553015479.9320605
1553015518.7353387
1553015549.2176986
1553015599.4780777
1553015623.0299716
1553015636.1035552
1553015641.0682921
1553015655.9838064
1553015687.2610056
1553015700.9246776
1553015747.2467153
1553015801.7579885
1553015808.8521538
1553015842.2683268
1553015915.4085572
1553015917.331258
1553016055.792485
1553016068.6202574
1553016084.6614373
1553016123.2594697
1553016133.9969537
1553016184.8885977
1553016214.5007694
1553016257.2440104
1553016303.3909702
1553016336.7924438
1553016388.105213
1553016392.7210608
1553016408.0816376
1553016418.8797255
1553016467.3842294
1553016479.2707193
1553016539.6838872
1553016635.279862
1553016650.5627472
1553016683.455145
1553016695.4086506
1553016711.1760798
1553016772.7312617
1553016838.18748
1553016850.0140195
1553016903.405963
1553016957.370909
1553016968.3161864
1553017006.9981022
1553017019.860802
1553017061.7203982
1553017064.3501773
1553017079.6816108
1553017081.4346917
1553017097.591035
1553017120.6000934
1553017146.577446
1553017196.6988623
1553017226.318766
1553017252.9673443
1553017266.4292438
1553017282.2086384
1553017286.629651
1553017297.4995291
1553017316.5063694
1553017328.292051
1553017335.3031216
1553017337.1386611
1553017351.7642457
1553017440.8212574
1553017464.6650703
1553017488.052048
1553017501.5680914
1553017558.2255037
1553017562.475052
1553017573.1363277
1553017599.6653178
1553017659.998023
1553017678.130924
1553017719.8116326
1553017747.969083
1553017781.3427699
1553017809.8249002
1553017847.8131213
1553017877.5693743
1553017888.5444334
1553017890.0918205
1553017908.1047792
1553017934.2530856
1553017945.0428045
1553017972.8894348
1553017989.411953
1553018001.4793878
1553018037.4106383
1553018079.05
1553018081.601674
1553018102.3274462
1553018144.6932917
1553018159.0122097
1553018193.780488
1553018204.6252146
1553018209.9636855
1553018233.137268
1553018254.7381012
1553018256.529049
1553018283.3074594
1553018326.620219
1553018339.7748132
1553018350.706883
1553018382.8230288
1553018444.0303125
1553018456.5327952
1553018465.4370046
1553018473.4382312
1553018490.6619625
1553018517.5112743
1553018561.4748547
1553018581.5140133
1553018591.6873384
1553018597.5326304
1553018648.8275568
1553018653.4490395
1553018725.2500763
1553018734.0327175
1553018740.2092042
1553018757.609398
1553018775.3640378
1553018793.4818234
1553018801.1687038
1553018811.4666467
1553018883.2758245
1553018888.8420122
1553018902.9064884
1553018905.0315228
1553018929.5890384
1553018958.4949913
1553018962.7820072
1553018980.519701
1553018982.0234175
1553018997.5950549
1553019025.7005472
1553019057.0301342
1553019089.3843787
1553019138.02219
1553019181.8414733
1553019219.3187623
1553019253.5824966
1553019272.2132804
1553019303.666558
1553019309.123627
1553019325.8846416
1553019384.260366
1553019394.9765236
1553019397.5649958
1553019418.3767107
1553019420.9309313
1553019452.1850927
1553019474.5264728
1553019485.368141
1553019502.6802108
1553019527.7806304
1553019535.8094227
1553019552.7524977
1553019564.4974566
1553019570.6164718
1553019641.768623
1553019655.0301661
1553019664.007481
1553019726.8416061
1553019762.6759267
1553019807.96955
1553019809.8232486
1553019825.4373863
1553019854.640721
1553019871.9096146
1553019882.6709032
1553019901.726891
1553019906.0744634
1553019963.0621815
1553020008.5238957
1553020148.4374032
1553020185.1035028
1553020205.2520819
1553020219.8763373
1553020245.470468
1553020260.1500225
1553020307.1979415
1553020318.2248254
1553020397.351684
1553020416.1904998
1553020428.0996144
1553020460.0348234
1553020500.6197584
1553020518.0208228
1553020545.254523
1553020564.0999875
1553020572.1087034
1553020593.9932413
1553020667.9495256
1553020709.2910829
1553020723.087726
1553020726.5177593
1553020740.3128479
1553020806.4601164
1553020820.9918947
1553020857.927451
1553020869.869825
1553020883.5831075
1553020896.3392951
1553020907.086219
1553020933.20764
1553020956.70601
1553021001.347366
1553021035.1583638
1553021036.7811968
1553021039.282564
1553021090.231732
1553021099.2024112
1553021120.4548523
1553021129.4299972
1553021130.8493621
1553021156.1994805
1553021169.215174
1553021196.9878924
1553021235.3851883
1553021240.3849764
1553021258.6973104
1553021285.257457
1553021290.9138966
1553021303.7894793
1553021358.419813
1553021400.9069338
1553021439.2182884
1553021458.9374945
1553021476.265897
1553021509.1009731
1553021529.5600817
1553021543.2729282
1553021553.1078181
1553021575.4469233
1553021577.149083
1553021612.692415
1553021627.177784
1553021641.7170746
1553021708.1384928
1553021718.0544763
1553021728.752095
1553021740.3212814
1553021752.9686534
1553021764.7938073
1553021775.8590155
1553021779.455668
1553021800.6279144
1553021918.9707217
1553021924.6855865
1553021968.666756
1553021995.3053005
1553022021.3900933
1553022025.1228602
1553022034.4634712
1553022070.0287488
1553022085.822392
1553022091.28957
1553022096.7454286
1553022099.6498055
1553022110.9171865
1553022143.616419
1553022162.027715
1553022190.3314455
1553022232.2122715
1553022281.821321
1553022294.674577
1553022326.249609
1553022354.2199697
1553022368.0470302
1553022378.081209
1553022422.7491164
1553022468.7301881
1553022484.465605
1553022560.8671725
1553022586.1403682
1553022589.7949371
1553022627.308015
1553022692.278591
1553022700.3434973
1553022714.8794734
1553022767.0481596
1553022799.2998228
1553022846.8928337
1553022871.215332
1553022893.138652
1553022911.3235736
1553022920.4610755
1553022925.0698376
1553022978.281976
1553022984.548846
1553023001.9964716
1553023034.4307408
1553023047.900544
1553023073.8047893
1553023090.5628984
1553023101.329665
1553023118.455905
1553023133.7459848
1553023209.519576
1553023240.1379194
1553023313.3454762
1553023322.2292984
1553023336.184718
1553023342.5734427
1553023361.577014
1553023383.5303068
1553023426.2413864
1553023444.8848386
1553023460.1185358
1553023479.331929
1553023480.9836636
1553023504.1063378
1553023550.9929821
1553023562.7995155
1553023599.1496298
1553023611.0018656
1553023618.217366
1553023629.0692906
1553023655.764864
1553023695.9032364
1553023710.1077304
1553023806.0820332
1553023811.5836363
1553023860.107002
1553023893.8591857
1553023927.9124446
1553023989.6498842
1553024006.6288092
1553024026.477216
1553024114.3805826
1553024116.9288933
1553024146.6029932
1553024156.3820486
1553024171.8536665
1553024188.0825539
1553024200.0061462
1553024207.6267467
1553024226.9240842
1553024273.5314937
1553024299.252767
1553024319.8586054
1553024333.954317
1553024351.8370676
1553024356.3177693
1553024367.4088552
1553024410.6341114
1553024417.7024674
1553024424.1190958
1553024434.3437297
1553024439.1180937
1553024446.8287585
1553024453.6451437
1553024480.4554121
1553024515.2199636
1553024536.0352857
1553024557.9652648
1553024586.651796
1553024599.3819017
1553024634.564889
1553024640.7090127
1553024645.271027
1553024650.3837326
1553024688.8191276
1553024694.336346
1553024705.397888
1553024723.4948626
1553024738.9929354
1553024756.9099858
1553024765.0335588
1553024808.1172647
1553024860.6541429
1553024871.2232616
1553024906.8914952
1553024914.168151
1553024937.5346282
1553024996.313346
1553025025.7554176
1553025043.9802651
1553025067.4768775
1553025095.9021091
1553025197.6420515
1553025231.6172264
1553025269.1356885
1553025296.3952608
1553025339.171336
1553025346.6077647
1553025378.531423
1553025419.5988605
1553025442.0652237
1553025452.6671402
1553025544.950023
1553025566.7726398
1553025573.9754338
1553025619.4595797
1553025632.1528852
1553025652.774513
1553025677.4895647
1553025699.2807946
1553025710.0402877
1553025773.3700469
1553025797.2050471
1553025840.3045354
1553025864.1625059
1553025874.873694
1553025885.807806
1553025913.2613158
1553025928.498991
1553025934.0874784
1553025941.8015132
1553025953.6898675
1553026007.7523608
1553026009.4606485
1553026021.1578867
1553026066.70152
1553026094.4011486
1553026124.387377
1553026145.5735295
1553026160.1545055
1553026178.3230257
1553026187.108561
1553026191.6378736
1553026259.6084154
1553026266.7077563
1553026300.1935077
1553026323.2294757
1553026338.3512533
1553026354.8979933
1553026368.5943828
1553026431.7381139
1553026453.9791694
1553026464.7223155
1553026469.95291
1553026492.2596233
1553026494.1385422
1553026500.968064
1553026546.7085888
1553026571.668799
1553026596.8061538
1553026608.5933018
1553026641.0732653
1553026656.807518
1553026662.7660408
1553026668.2309492
1553026682.508462
1553026693.5255976
1553026740.2845113
1553026751.002333
1553026759.0595813
1553026773.8020334
1553026775.5563035
1553026829.3004184
1553026874.9276705
1553026885.7179463
1553026893.7508466
1553026939.832504
1553026946.0203326
1553026974.783183
1553026991.1077647
1553027027.5516868
1553027045.5306575
1553027069.1560051
1553027079.8877716
1553027094.3088968
1553027105.7053359
1553027173.4253712
1553027184.2825692
1553027262.1035933
1553027340.152916
1553027366.522544
1553027381.3230228
1553027387.1674008
1553027406.7542188
1553027491.449882
1553027527.2331653
1553027530.6440294
1553027584.631701
1553027599.923573
1553027622.6934302
1553027628.896609
1553027637.8112051
1553027669.2179565
1553027681.958204
1553027706.6205635
1553027717.655449
1553027724.7946522
1553027733.2779567
1553027766.2596693
1553027777.1121514
1553027804.1333852
1553027826.963386
1553027843.0566785
1553027868.4207468
1553027914.629296
1553027928.03888
1553027931.6931977
1553027966.7361393
1553027993.125302
1553028011.0746093
1553028016.8926394
1553028025.0852413
1553028035.9507542
1553028057.1197925
1553028094.5137134
1553028119.6342554
1553028164.9493098
1553028209.4245117
1553028224.1590211
1553028255.1858394
1553028281.5134606
1553028298.0662255
1553028325.905904
1553028357.1897814
1553028403.3205256
1553028415.2843213
1553028431.627714
1553028475.70748
1553028501.1052682
1553028513.8927617
1553028524.862344
