1548373005.3176496
1548373020.7712228
1548373050.990555
1548373066.136111
1548373071.6302943
1548373077.0161042
1548373083.3586547
1548373111.401232
1548373139.2872865
1548373143.5088985
1548373167.2999673
1548373173.04053
1548373176.1028168
1548373183.2814379
1548373205.8871381
1548373220.6156213
1548373228.5488534
1548373267.2245848
1548373297.823713
1548373313.6427255
1548373335.9358108
1548373353.464368
1548373399.0696292
1548373407.0225115
1548373415.0499105
1548373418.928539
1548373423.7511468
1548373432.9407835
1548373491.4411085
1548373498.773231
1548373519.3188171
1548373563.492519
1548373585.8379922
1548373612.6314585
1548373616.8979635
1548373684.9569352
1548373692.9117682
1548373695.5266087
1548373701.148765
1548373712.2941937
1548373735.194557
1548373738.082512
1548373740.817957
1548373744.778312
1548373746.4574137
1548373801.7998464
1548373824.31463
1548373831.3802288
1548373833.0652485
1548373892.507087
1548373932.179225
1548373937.6348438
1548373946.711005
1548373971.6101992
1548373982.1125116
1548373985.8120778
1548373993.669874
1548373996.6192925
1548374001.588523
1548374006.352485
1548374012.487723
1548374036.1111085
1548374073.2059338
1548374094.8102896
1548374116.9332266
1548374122.7979379
1548374131.8931508
1548374170.3035874
1548374175.6925588
1548374179.5116765
1548374184.4095664
1548374195.629962
1548374201.9307666
1548374256.1872914
1548374260.2145624
1548374271.39771
1548374282.647887
1548374288.9180608
1548374295.8889182
1548374302.4265366
1548374318.5948274
1548374327.6531613
1548374355.4820282
1548374391.7487857
1548374406.0118568
1548374424.81109
1548374436.9751854
1548374438.6711347
1548374455.0463436
1548374471.256006
1548374476.2016165
1548374496.7984378
1548374501.8600075
1548374519.3950033
1548374524.3832762
1548374543.3028207
1548374563.933422
1548374578.6020668
1548374590.2727315
1548374607.6382394
1548374644.4486923
1548374654.3648243
1548374668.5205266
1548374683.80047
1548374696.6065986
1548374699.2374523
1548374704.0993824
1548374727.0775406
1548374774.2758393
1548374781.259342
1548374787.7935188
1548374789.268172
1548374817.2592123
1548374856.8858411
1548374864.3060758
1548374879.6495428
1548374909.9403481
1548374912.83124
1548374921.8695753
1548374946.2746136
1548374948.0166922
1548374970.7207208
1548374975.8602426
1548374980.5616126
1548375001.471485
1548375008.461768
1548375028.246318
1548375034.886854
1548375037.57532
1548375043.5802238
1548375056.946356
1548375072.727901
1548375074.4165933
1548375079.1781294
1548375083.187404
1548375091.5754015
1548375101.8386705
1548375139.2398603
1548375155.8429692
1548375163.6827419
1548375170.97717
1548375175.813846
1548375217.5294056
1548375225.957347
1548375234.9201074
1548375245.9074943
1548375302.339388
1548375315.362784
1548375334.5187712
1548375346.0450425
1548375370.8894444
1548375400.347634
1548375405.9122794
1548375477.0410345
1548375507.7292178
1548375514.0097165
1548375566.2403815
1548375572.2700307
1548375578.1090157
1548375582.487984
1548375589.4720511
1548375604.9702632
1548375628.258256
1548375633.5174017
1548375644.8252213
1548375650.6216402
1548375656.590854
1548375663.636133
1548375671.4534106
1548375685.935971
1548375701.1564398
1548375717.3875945
1548375719.9816337
1548375727.522797
1548375731.2208748
1548375744.6036167
1548375747.2021508
1548375754.277395
1548375756.9634798
1548375764.661565
1548375774.6663358
1548375824.8597457
1548375835.030064
1548375838.947003
1548375851.3140244
1548375863.4764907
1548375878.8137846
1548375883.5511022
1548375905.0095122
1548375930.756921
1548375935.9577417
1548375977.7640483
1548375981.377533
1548375984.2447875
1548376021.5945199
1548376025.531121
1548376031.484365
1548376045.9029248
1548376058.537925
1548376087.8021429
1548376103.3773682
1548376122.8026795
1548376127.458362
1548376130.1809318
1548376131.8634803
1548376136.7073448
1548376142.6023211
1548376150.1662755
1548376172.4782412
1548376176.906035
1548376181.6386962
1548376205.5926397
1548376223.2586803
1548376228.168962
1548376231.8668513
1548376234.620587
1548376237.243415
1548376248.2076619
1548376254.7802212
1548376266.0128224
1548376287.7484686
1548376295.083202
1548376305.0140538
1548376333.1287253
1548376338.4165351
1548376352.7401347
1548376374.7683766
1548376376.5016742
1548376378.3111277
1548376387.416008
1548376414.1976318
1548376427.965651
1548376449.8345454
1548376462.7942739
1548376464.3957894
1548376488.360218
1548376492.6251721
1548376511.390226
1548376527.1434696
1548376552.0844681
1548376557.2397108
1548376570.6286097
1548376597.9272077
1548376607.993918
1548376609.500245
1548376618.6775107
1548376636.092569
1548376660.0022032
1548376662.8422928
1548376667.0770144
1548376671.7991521
1548376681.0358002
1548376699.42363
1548376713.0483356
1548376715.6750736
1548376745.0986319
1548376750.6942704
1548376764.991235
1548376797.7218962
1548376799.2318547
1548376801.9331963
1548376806.7742336
1548376845.4174185
1548376854.2325246
1548376860.1567183
1548376866.056711
1548376882.60108
1548376885.4885602
1548376889.4985366
1548376904.7587428
1548376912.0737066
1548376921.2282853
1548376974.5580182
1548376989.7489994
1548377005.5439317
1548377025.6468997
1548377033.9553385
1548377045.6363316
1548377058.783034
1548377070.1812336
1548377071.6328392
1548377081.7877374
1548377083.4781597
1548377090.402369
1548377113.0607862
1548377157.127371
1548377161.1155324
1548377180.7678254
1548377192.0433254
1548377217.7994459
1548377240.6933854
1548377243.8774984
1548377249.6972878
1548377261.7504625
1548377263.4742177
1548377266.1845171
1548377272.045626
1548377273.706293
1548377279.644048
1548377281.1398375
1548377291.2049766
1548377299.119531
1548377310.4909813
1548377334.4079487
1548377342.4453201
1548377380.0876899
1548377386.0462117
1548377395.2470806
1548377411.7180874
1548377423.9934745
1548377460.193928
1548377465.9238236
1548377476.4164324
1548377480.0060809
1548377484.7095168
1548377487.429327
1548377505.0275948
1548377551.3950446
1548377576.0487847
1548377610.969374
1548377630.0179706
1548377644.613074
1548377683.6019022
1548377693.6701646
1548377710.9261427
1548377767.7917418
1548377775.0644665
1548377797.8847156
1548377818.8750703
1548377824.1026816
1548377839.491823
1548377863.3111002
1548377878.5769207
1548377894.442726
1548377897.0854332
1548377901.385192
1548377906.201844
1548377912.2162917
1548377919.1602457
1548377929.9061785
1548377945.8151534
1548377950.8603156
1548377961.069463
1548377983.7847557
1548377992.2536516
1548377999.1751199
1548378001.7492924
1548378005.7052891
1548378021.70635
1548378024.8291204
1548378033.7789257
1548378067.1992884
1548378073.3864748
1548378083.41612
1548378090.7458003
1548378095.4753585
1548378134.9906876
1548378139.035727
1548378141.8220522
1548378166.4829829
1548378173.2303421
1548378185.5876803
1548378198.7009745
1548378203.70641
1548378228.5526037
1548378261.9503255
1548378277.8034387
1548378286.66397
1548378291.6554558
1548378305.8662772
1548378308.6885567
1548378316.4986255
1548378335.0959554
1548378336.813292
1548378342.755246
1548378404.4731526
1548378410.4646282
1548378418.6301117
1548378426.4501767
1548378441.946114
1548378464.8803973
1548378492.1097312
1548378499.0786583
1548378505.1317568
1548378507.9688146
1548378539.0683653
1548378548.9868248
1548378552.6887832
1548378571.6158838
1548378577.6741912
1548378583.5302868
1548378595.8456657
1548378599.730316
1548378615.2368653
1548378634.197134
1548378643.7136314
1548378664.4335778
1548378671.2241707
1548378680.6391594
1548378683.2335532
1548378689.3466647
1548378702.312447
1548378738.801176
1548378742.7331722
1548378755.9648035
1548378773.8051293
1548378777.4570773
1548378811.0045347
1548378817.4516509
1548378838.1570265
1548378885.3351982
1548378905.4382591
1548378946.1611843
1548378950.8261452
1548378974.6640384
1548378989.6513608
1548379028.2848864
1548379032.1568527
1548379040.1828506
1548379070.6015518
1548379083.351592
1548379086.0350533
1548379103.550437
1548379121.4770536
1548379146.7305987
1548379155.0151007
1548379159.6115658
1548379165.431292
1548379183.1205528
1548379207.7817981
1548379223.8666568
1548379234.8183165
1548379243.7839975
1548379255.9238074
1548379264.0946324
1548379269.408639
1548379275.2798476
1548379280.505797
1548379297.8365016
1548379302.042772
1548379321.5678158
1548379333.5699255
1548379345.9008899
1548379348.7104437
1548379355.62381
1548379358.5978732
1548379363.51533
1548379368.3184526
1548379377.3546505
1548379397.299758
1548379413.8897574
1548379421.0094514
1548379426.047463
1548379438.295681
1548379451.8410337
1548379459.7065556
1548379466.1254578
1548379487.985432
1548379499.3089464
1548379507.1263425
1548379528.789567
1548379547.3505502
1548379562.6086295
1548379642.2504263
1548379643.9189682
1548379653.0146203
1548379656.8027928
1548379663.706767
1548379700.3109798
1548379726.6074202
1548379746.0813098
1548379763.6104841
1548379777.8151114
1548379782.8451858
1548379789.7397966
1548379804.4466398
1548379809.4734154
1548379811.20698
1548379836.0432775
1548379842.3136177
1548379851.2498803
1548379858.8460722
1548379865.2001793
1548379883.7306845
1548379903.6883998
1548379908.7471745
1548379915.10504
1548379925.6664705
1548379934.8368855
1548379966.138931
1548379975.3232648
1548379980.8825886
1548379985.7211356
1548379999.9297438
1548380011.7341251
1548380015.755525
1548380020.6289334
1548380022.3329375
1548380026.2485137
1548380037.4086576
1548380046.4147768
1548380057.45829
1548380058.9376168
1548380068.0262852
1548380097.1423197
1548380104.5227041
1548380113.8382943
1548380123.9217186
1548380130.71853
1548380185.096891
1548380189.2197978
1548380196.071523
1548380215.7433274
1548380246.9798312
1548380269.468287
1548380282.7305608
1548380290.8498232
1548380316.6197321
1548380336.9429612
1548380373.4862978
1548380395.3589916
1548380400.0829208
1548380404.0440688
1548380417.1865635
1548380422.1542587
1548380424.8061101
1548380434.913567
1548380442.293252
1548380505.2917984
1548380509.147779
1548380552.3976657
1548380555.2633276
1548380581.114447
1548380591.371588
1548380610.188709
1548380614.4029126
1548380626.016087
1548380630.7620234
1548380663.0817873
1548380669.8965898
1548380683.6478965
1548380688.3981016
1548380696.4966679
1548380712.827781
1548380725.1735435
1548380728.790688
1548380736.2120101
1548380746.4796875
1548380749.302313
1548380770.0277638
1548380774.0684576
1548380778.951231
1548380792.3260443
1548380802.603558
1548380805.193427
1548380811.139954
1548380825.411405
1548380829.265925
1548380846.7396567
1548380861.2478223
1548380879.8293414
1548380882.7494059
1548380887.7700675
1548380897.8680832
1548380905.765454
1548380926.8114238
1548380942.4116979
1548380956.2103038
1548380961.9251423
1548380966.8126898
1548380985.5327928
1548381005.2805867
1548381011.3421018
1548381013.037071
1548381073.6501737
1548381077.3042314
1548381084.683936
1548381092.677766
1548381112.087623
1548381125.5094469
1548381151.5697227
1548381162.924401
1548381195.2172067
1548381200.0342557
1548381237.520747
1548381247.059403
1548381252.3488457
1548381274.1281393
1548381278.7722843
1548381281.6428146
1548381295.9295082
1548381300.0128021
1548381314.423113
1548381319.3167846
1548381327.3184881
1548381334.1345897
1548381338.2611084
1548381362.0335224
1548381370.892324
1548381378.022133
1548381381.7382712
1548381410.5508392
1548381420.9978313
1548381441.7377257
1548381446.001376
1548381459.558645
1548381463.7152913
1548381484.3713088
1548381493.771978
1548381497.602152
1548381513.0127926
1548381530.4409668
1548381539.4704626
1548381552.8955173
1548381554.6325526
1548381559.4633095
1548381586.2088218
1548381628.2412262
1548381685.0645256
1548381729.6432958
1548381737.4889045
1548381746.0046625
1548381763.4519315
1548381788.7945936
1548381808.2432826
1548381813.548039
1548381868.5980365
1548381878.8618286
1548381881.8160946
1548381911.9212928
1548381915.74294
1548381919.5422184
1548381962.1756685
1548381971.66628
1548381989.4076428
1548381992.0035667
1548381997.5058172
1548382025.3030574
1548382026.7557416
1548382030.6012127
1548382034.4426985
1548382056.0558999
1548382087.3633797
1548382094.3262534
1548382106.502641
1548382156.6488674
1548382175.5496085
1548382181.5074422
1548382210.592742
1548382214.9465678
1548382219.7238357
1548382230.1034434
1548382240.6177213
1548382245.6183822
1548382253.6066692
1548382272.3345673
1548382275.1100805
1548382289.4470649
1548382309.0578275
1548382335.6534255
1548382343.0015252
1548382356.9971228
1548382361.6349711
1548382374.3472824
1548382392.9915385
1548382403.2467735
1548382424.9593897
1548382433.9666128
1548382466.25832
1548382494.4356153
1548382506.085778
1548382519.4172745
1548382540.1552212
1548382581.9838634
1548382610.3335755
1548382621.7041347
1548382643.974767
1548382648.1464705
1548382652.8165426
1548382681.8654726
1548382687.6189814
1548382696.8184495
1548382714.5164034
1548382721.521518
1548382744.2407863
1548382750.1106079
1548382764.54272
1548382775.8980901
1548382781.227196
1548382784.1171405
1548382805.8764162
1548382822.2868607
1548382825.1787353
1548382844.6640685
1548382846.3847666
1548382874.3888547
1548382877.2860563
1548382895.806197
1548382915.2002695
1548382919.3684824
1548382933.5843167
1548382950.3945901
1548382961.4941304
1548382970.6385224
1548382977.6732054
1548382982.447942
1548382994.0408309
1548382996.690798
1548383006.7322984
1548383010.69809
1548383034.462605
1548383049.226866
1548383068.4012153
1548383084.9153953
1548383097.0302835
1548383108.3137925
1548383118.9065068
1548383121.5523708
1548383134.7675514
1548383155.5025442
1548383159.4573498
1548383165.480012
1548383175.4465199
1548383199.002533
1548383214.8285065
1548383220.931042
1548383229.2477958
