1549023810.458849
1549023828.0684316
1549023828.458784
1549023833.7629492
1549023834.1583154
1549023847.5716364
1549023929.6531374
1549023943.7622733
1549023959.3554559
1549023959.8346512
1549023975.173424
1549023989.4188876
1549023994.7053843
1549024025.7068272
1549024033.4602573
1549024056.644065
1549024065.0426795
1549024119.5883646
1549024126.6137555
1549024127.0563056
1549024133.714899
1549024163.8943064
1549024176.9743888
1549024197.766009
1549024209.1207654
1549024218.8620892
1549024219.279594
1549024228.8453813
1549024232.0517552
1549024245.8847477
1549024276.5733197
1549024281.57481
1549024284.9655123
1549024337.2771251
1549024359.134292
1549024365.4404418
1549024382.8838615
1549024415.6936264
1549024419.1962936
1549024461.5182707
1549024530.7783017
1549024537.5622003
1549024540.4132123
1549024543.185206
1549024546.0884461
1549024562.3728638
1549024568.8098872
1549024569.1959531
1549024581.2510097
1549024584.091176
1549024605.8666198
1549024620.283198
1549024631.28962
1549024686.167267
1549024714.454398
1549024717.495343
1549024719.3989055
1549024724.9596944
1549024741.8610835
1549024793.7930727
1549024814.5864155
1549024816.1298738
1549024833.551455
1549024833.9808576
1549024861.6360087
1549024862.040027
1549024869.4682896
1549024877.4797604
1549024880.34083
1549024889.0657578
1549024899.7718387
1549024915.45984
1549024936.7655323
1549024981.4476757
1549024997.7661986
1549025020.2895753
1549025029.120628
1549025038.9563513
1549025043.2503388
1549025059.0812023
1549025070.6951957
1549025110.5063186
1549025125.3438823
1549025129.7916708
1549025134.793449
1549025148.7256544
1549025149.1104844
1549025225.6125937
1549025254.4540114
1549025263.3786447
1549025272.1933076
1549025301.9112825
1549025303.705195
1549025344.6640375
1549025349.6657944
1549025360.2647011
1549025360.7203774
1549025362.1368065
1549025365.3081295
1549025374.8055506
1549025375.2250743
1549025386.471785
1549025416.094706
1549025423.72525
1549025425.2024007
1549025427.7588408
1549025428.267587
1549025456.1173024
1549025463.151688
1549025478.9820678
1549025544.6701047
1549025547.9444802
1549025563.4101012
1549025568.4117796
1549025573.4134765
1549025578.4152634
1549025596.4864988
1549025626.121672
1549025640.183857
1549025656.306346
1549025658.163882
1549025669.6683068
1549025694.6779346
1549025713.163006
1549025728.5194676
1549025805.2322283
1549025830.985879
1549025832.3976538
1549025837.3990016
1549025864.3658445
1549025940.4590049
1549025945.4606535
1549025968.7121177
1549025985.0450644
1549025989.515645
1549026009.6026213
1549026039.310361
1549026039.70886
1549026040.097289
1549026059.9879806
1549026065.9746046
1549026073.8318653
1549026075.496025
1549026115.6165051
1549026116.0521073
1549026127.7300115
1549026157.9880974
1549026162.989474
1549026167.9911456
1549026213.6577072
1549026238.346594
1549026247.5796416
1549026251.5205226
1549026259.3151875
1549026270.162179
1549026299.728813
1549026304.2377026
1549026314.4176528
1549026342.2098198
1549026344.1023264
1549026353.0260696
1549026417.002992
1549026430.0546482
1549026437.900614
1549026454.301614
1549026469.9994493
1549026476.47984
1549026484.8897395
1549026491.36227
1549026495.763184
1549026523.2407336
1549026543.0854752
1549026578.8131993
1549026586.1444204
1549026618.4248729
1549026684.3048635
1549026687.3965673
1549026707.7692769
1549026712.7706232
1549026726.2356012
1549026753.6469424
1549026783.96954
1549026790.1342494
1549026820.820728
1549026841.937525
1549026852.4768114
1549026863.1136088
1549026875.8715608
1549026887.412425
1549026893.2774234
1549026895.1380305
1549026897.0777595
1549026913.6720634
1549026942.833983
1549026972.7132945
1549026982.099365
1549027028.4366343
1549027030.3794992
1549027039.4426315
1549027054.4351904
1549027068.0604422
1549027069.9618964
1549027082.1554875
1549027088.5007954
1549027088.9218194
1549027089.277454
1549027100.407861
1549027108.3208544
1549027115.3751338
1549027115.7211313
1549027116.1814358
1549027146.0752487
1549027166.4218602
1549027169.344214
1549027237.102035
1549027265.845522
1549027277.2524886
1549027289.455806
1549027301.56732
1549027306.5694282
1549027321.3209007
1549027327.597977
1549027348.5928574
1549027369.6640718
1549027371.6058478
1549027387.0465598
1549027410.015375
1549027410.415274
1549027445.2651916
1549027462.2353616
1549027471.463126
1549027471.8781242
1549027494.457308
1549027494.824287
1549027502.0838408
1549027521.0325494
1549027557.7587528
1549027577.3127587
1549027586.2319674
1549027594.2777693
1549027594.6893528
1549027601.1044447
1549027620.197116
1549027628.107477
1549027634.983968
1549027639.9860358
1549027648.4645922
1549027648.8302596
1549027689.0994937
1549027689.5041132
1549027699.6145613
1549027700.0261357
1549027713.6125638
1549027718.825448
1549027727.722964
1549027776.9474564
1549027800.8797328
1549027819.2276862
1549027837.332834
1549027840.0359726
1549027878.1686568
1549027913.4617991
1549027927.0505993
1549027937.2906444
1549027966.2123957
1549027977.3579257
1549027979.2456474
1549028018.1986284
1549028031.7954311
1549028087.741327
1549028125.6183949
1549028134.7125657
1549028159.9806652
1549028194.6149075
1549028209.6683204
1549028210.0998192
1549028234.7739604
1549028253.4223897
1549028266.4536316
1549028271.455592
1549028276.4573262
1549028299.6975489
1549028302.5473108
1549028322.4189546
1549028326.9873717
1549028338.2951124
1549028344.967393
1549028359.626641
1549028385.3887272
1549028401.0213733
1549028406.0235724
1549028411.026506
1549028416.028408
1549028435.6182706
1549028436.0352821
1549028450.6789567
1549028452.488369
1549028470.3962152
1549028505.4559267
1549028544.193801
1549028560.5260277
1549028568.3013318
1549028587.6827126
1549028623.9651682
1549028647.4042628
1549028647.8120434
1549028664.360023
1549028680.782041
1549028681.1908426
1549028699.8773894
1549028708.5726175
1549028747.807638
1549028769.5245483
1549028803.0282528
1549028817.6863656
1549028837.4755979
1549028844.257229
1549028845.6674094
1549028849.4962425
1549028859.7512765
1549028867.6578298
1549028892.7561395
1549028897.594579
1549028969.2909474
1549028985.1885686
1549029010.3411267
1549029012.17839
1549029030.7110882
1549029116.5509963
1549029119.0035155
1549029151.4331326
1549029151.8272524
1549029158.0965488
1549029169.8604362
1549029174.8621137
1549029179.8637805
1549029184.865725
1549029189.867606
1549029223.6497526
1549029230.5646043
1549029259.5518136
1549029297.14369
1549029299.0556655
1549029330.1047523
1549029330.7278597
1549029347.85163
1549029361.8900387
1549029365.822753
1549029385.6197758
1549029391.4922109
1549029396.4937034
1549029397.855586
1549029427.9712849
1549029444.168005
1549029445.7842393
1549029453.8844001
1549029472.10686
1549029475.0130126
1549029481.919787
1549029497.2464764
1549029516.5249534
1549029534.7615182
1549029539.3306386
1549029539.7648213
1549029545.1815221
1549029574.4107642
1549029585.4824355
1549029588.6173406
1549029596.4487991
1549029596.8973396
1549029601.7708955
1549029603.6575778
1549029627.0820293
1549029632.898649
1549029633.2665627
1549029651.7938483
1549029652.1853662
1549029659.5418925
1549029666.3571513
1549029671.3589742
1549029676.3606756
1549029681.3624213
1549029696.747215
1549029710.461734
1549029710.8444848
1549029716.6618214
1549029717.047683
1549029740.7529628
1549029772.608379
1549029773.0242486
1549029800.6371868
1549029818.0576088
1549029825.4148116
1549029844.4251533
1549029851.6280046
1549029874.9176161
1549029946.0081787
1549029963.0651681
1549029967.3466122
1549029982.3958933
1549029985.2551515
1549030001.342469
1549030004.4933875
1549030011.93239
1549030024.053475
1549030029.3248842
1549030034.9734683
1549030035.3457596
1549030047.7099683
1549030062.1264753
1549030075.809464
1549030089.2715006
1549030107.320706
1549030123.4078887
1549030127.6948009
1549030130.9439366
1549030149.6336987
1549030150.0298867
1549030175.7077231
1549030180.709655
1549030191.2748919
1549030192.6745627
1549030209.8726487
1549030215.9590647
1549030222.9009976
1549030227.1927238
1549030235.955104
1549030264.5092697
1549030284.156708
1549030295.2910032
1549030357.3758628
1549030372.112336
1549030385.0605524
1549030396.5695796
1549030411.1110582
1549030488.7131648
1549030499.6345475
1549030502.8122115
1549030526.4926262
1549030539.6135435
1549030547.0071516
1549030548.8757684
1549030569.7720256
1549030579.686176
1549030616.5686107
1549030629.3232372
1549030631.2518048
1549030641.161882
1549030641.6360378
1549030693.3571608
1549030711.3847523
1549030763.629234
1549030766.5392885
1549030803.253654
1549030823.0910919
1549030836.9114945
1549030886.651092
1549030890.8954232
1549030910.6812916
1549030980.1307511
1549030999.2534685
1549031043.398252
1549031073.1400435
1549031087.2908185
1549031119.63792
1549031123.1919384
1549031142.6221898
1549031155.6494944
1549031156.1238735
1549031163.646288
1549031175.1768315
1549031211.8665178
1549031231.232025
1549031262.4567451
1549031263.9056668
1549031275.854011
1549031287.048991
1549031314.206726
1549031338.0897322
1549031358.1140273
1549031360.109239
1549031361.5239434
1549031361.8909302
1549031377.9359827
1549031395.1534162
1549031421.4861646
1549031427.739487
1549031435.1551213
1549031452.8861148
1549031471.4170995
1549031535.3231044
1549031607.1897986
1549031611.1656718
1549031656.771376
1549031657.19213
1549031660.994305
1549031665.9961424
1549031666.4805849
1549031708.5608337
1549031723.839606
1549031731.6152964
1549031754.2903259
1549031791.3104033
1549031805.9097145
1549031820.482516
1549031834.3352618
1549031865.599915
1549031871.5994008
1549031879.0240176
1549031884.0258358
1549031889.0276346
1549031891.383616
1549031891.997758
1549031918.1352985
1549031926.962947
1549031944.168415
1549031965.6654274
1549031973.8615918
1549031982.9911375
1549031987.5723717
1549031993.7193112
1549031995.5400927
1549032055.6710303
1549032060.8784297
1549032069.9807436
1549032085.9665437
1549032098.870188
1549032100.2043197
1549032142.3717203
1549032198.9319937
1549032203.9336221
1549032210.2926035
1549032255.3504527
1549032270.7947965
1549032277.2459233
1549032281.7155275
1549032313.4275265
1549032318.4289534
1549032355.1713464
1549032397.9828231
1549032407.39626
1549032430.6333287
1549032444.32566
1549032486.1274252
1549032501.8717127
1549032572.0208173
1549032573.8569689
1549032607.1182847
1549032622.7393985
1549032623.1982348
1549032642.4108868
1549032649.193049
1549032674.0244045
1549032682.4440813
1549032687.515324
1549032707.0244775
1549032732.3528142
1549032802.9638083
1549032803.4027774
1549032820.445283
1549032820.8646846
1549032846.3090694
1549032853.7659101
1549032861.2202117
1549032886.9652994
1549032888.3732967
1549032899.9058082
1549032903.8422825
1549032912.5623622
1549032917.564025
1549032922.5657744
1549032932.801469
1549032939.5407481
1549032941.3668792
1549032943.3009045
1549032943.730241
1549032952.0813282
1549032966.4136286
1549033011.2995505
1549033021.9547684
1549033026.2727911
1549033029.0010767
1549033048.5286257
1549033058.188209
1549033077.867926
1549033079.7494748
1549033093.6868184
1549033115.363814
1549033115.7767088
1549033117.1723857
1549033120.0388603
1549033124.5581462
1549033128.3810108
1549033131.2511466
1549033132.6241853
1549033157.8328083
1549033164.6496542
1549033181.1360898
1549033183.1757307
1549033184.5814774
1549033194.1438324
1549033213.1772497
1549033214.6746957
1549033239.127494
1549033255.4093952
1549033269.2731469
1549033296.5988545
1549033308.100288
1549033329.7720954
1549033333.183431
1549033403.072996
1549033429.139758
1549033443.0313652
1549033446.8568637
1549033447.2794564
1549033462.4653888
1549033465.814961
1549033483.3156672
1549033504.6989877
1549033510.980583
1549033517.1257234
1549033518.9518926
1549033528.763907
1549033554.6786246
1549033575.8125587
1549033596.5591788
1549033675.8806329
1549033681.3627458
1549033704.4834101
1549033743.0081367
1549033758.9158826
1549033763.41214
1549033769.931428
1549033773.245167
1549033798.112839
1549033819.7273133
1549033848.1343083
1549033849.562273
1549033851.0353928
1549033852.443032
1549033860.504521
1549033867.5486836
1549033872.3633714
1549033872.8124437
1549033873.220471
1549033879.2230504
1549033885.5404172
1549033890.5420868
1549033928.841014
1549033935.2871435
1549033938.5477297
1549033953.9423678
1549033955.4200013
1549033958.5752304
1549033971.4928358
1549033988.541728
1549033998.8609324
1549033999.2498527
1549034006.5748057
1549034030.6261168
1549034033.7903554
1549034053.9796214
1549034066.7467537
1549034073.259761
1549034084.8668118
1549034094.0539687
1549034105.3341706
1549034114.5753098
1549034116.7229412
1549034150.9147396
1549034157.249069
1549034157.6551552
1549034191.259423
1549034235.9166067
1549034236.3344443
1549034245.4030454
1549034245.7900271
1549034258.0092351
1549034273.3569913
1549034292.7674
1549034334.0880034
1549034342.9904475
1549034353.8700616
1549034355.3585787
1549034375.495238
1549034390.5548189
1549034405.1888676
1549034429.2530034
1549034436.4745033
1549034439.4348145
1549034442.7014184
1549034444.4365878
1549034489.4266136
1549034506.9746912
1549034519.3352041
1549034554.2367964
1549034582.70365
1549034619.389799
1549034644.0740237
1549034649.688822
1549034654.6904833
1549034681.5738342
1549034744.3957052
1549034747.1342788
1549034754.2697866
1549034758.379624
1549034766.8190162
1549034770.9956737
1549034785.7457955
1549034787.6093102
1549034794.023264
1549034801.8589234
1549034818.746351
1549034819.1771526
1549034830.3758335
1549034850.302288
1549034855.908815
1549034858.0278935
1549034886.2079606
1549034892.394714
1549034907.934134
1549034909.3511388
1549034914.3524895
1549034933.2228384
1549034938.8198895
1549034945.264122
1549034947.3989642
1549034952.4006474
1549034992.8457952
1549035023.774496
1549035040.349377
1549035044.5658553
1549035075.8519754
1549035086.5422
1549035099.1619616
1549035112.442724
1549035130.4778519
1549035136.5122225
1549035160.483322
1549035165.4851484
1549035184.3528566
1549035206.1975985
1549035211.1992693
1549035216.2009442
1549035221.2026055
1549035237.9963372
1549035239.8286068
1549035240.2393398
1549035240.6427603
1549035257.60709
1549035288.249745
1549035294.6109805
1549035327.7053995
1549035337.5542772
1549035340.3033288
1549035340.678195
1549035353.9364753
1549035372.1669605
1549035377.1360512
1549035387.9741395
1549035391.7308056
1549035392.163681
1549035432.3714702
1549035441.1679614
1549035441.8859518
1549035453.3658595
1549035465.6514897
1549035477.631473
1549035478.096912
1549035510.69746
1549035566.6457155
1549035580.3509498
1549035583.2237713
1549035594.0987613
1549035600.1555665
1549035642.2489443
1549035663.11948
1549035664.5301962
1549035674.5735347
1549035684.7959518
1549035686.3002272
1549035691.1443741
1549035700.9753094
1549035732.5143135
1549035736.442088
1549035799.1653843
1549035800.7956057
1549035813.4853137
1549035870.4394093
1549035879.4022176
1549035886.405515
1549035922.0787468
1549035941.6611788
1549035975.6066167
1549035979.8740273
1549035980.3074841
1549035985.3091576
1549036008.279425
1549036014.2431188
1549036076.4109557
1549036089.4554493
1549036104.5239663
1549036114.5355828
1549036146.4804165
1549036161.8502162
1549036175.0320446
1549036196.7570431
1549036197.763273
1549036221.7972949
1549036235.2667725
1549036266.0887344
1549036272.504604
1549036298.7806363
1549036314.7187424
1549036344.885365
1549036349.2555363
1549036388.4973688
1549036433.902666
1549036447.6586297
1549036448.100121
1549036448.638722
1549036499.0279112
1549036505.8750513
1549036512.3521929
1549036527.5327413
1549036544.659786
1549036568.2304976
1549036597.630924
1549036621.7480347
1549036646.0876493
1549036651.0890605
1549036693.119292
1549036711.868851
1549036725.0558736
1549036749.683225
1549036751.076273
1549036773.6042368
1549036797.5123463
1549036804.544293
1549036809.5460913
1549036868.8578243
1549036887.5934699
1549036903.8261619
1549036954.4671106
1549036959.4692068
1549036998.9886847
1549037003.990447
1549037011.481641
1549037021.1623957
1549037042.6529977
1549037049.2077744
1549037054.5094593
1549037060.6211846
1549037066.9992375
1549037078.9994812
1549037107.3323712
1549037108.7171466
1549037113.718817
1549037153.3424654
1549037174.9564104
1549037175.3540273
1549037189.3261843
1549037191.3782
1549037195.1112466
1549037205.4115498
1549037218.4753199
1549037230.121035
1549037239.4395618
1549037241.8965888
1549037280.4435167
1549037290.6162567
1549037291.0003998
1549037297.5547423
1549037299.4759262
1549037303.1627023
1549037314.1110678
1549037320.8803296
1549037339.0446348
1549037339.482491
1549037340.9437034
1549037451.6640937
1549037475.2912807
1549037481.131129
1549037487.146399
1549037495.65542
1549037507.4879513
1549037547.2527416
1549037547.6987424
1549037555.2134874
1549037558.4530694
1549037563.9995134
1549037583.1935892
1549037591.851118
1549037592.2621815
1549037596.222308
1549037608.0005283
1549037623.4271574
1549037637.0296488
1549037670.779472
1549037673.3081596
1549037714.5546808
1549037728.6662605
1549037759.6410763
1549037790.261507
1549037800.5582507
1549037805.5596066
1549037811.2936156
1549037829.4278016
1549037868.0218108
1549037871.378139
1549037882.8921955
1549037887.6112354
1549037895.102792
1549037906.1702912
1549037923.0697162
1549037929.3422744
1549037959.9618213
1549037960.399506
1549038032.4220095
1549038043.2933033
1549038054.4061718
1549038066.9323444
1549038067.285809
1549038095.289455
1549038098.740655
1549038119.8705807
1549038234.9093385
1549038238.1492572
1549038263.2961261
1549038273.0153294
1549038326.4402065
1549038360.9398313
1549038377.5794992
1549038388.7521367
1549038390.6582546
1549038423.3231952
1549038446.6947498
1549038455.5053306
1549038461.901471
1549038463.7549117
1549038465.4332361
1549038469.4129496
1549038474.018517
1549038480.487233
1549038489.8003907
1549038494.4750874
1549038500.4877594
1549038515.8423808
1549038535.1894228
1549038538.0204606
1549038546.3212154
1549038580.7941687
1549038666.0015047
1549038676.0438192
1549038685.8814301
1549038705.3846369
1549038755.3188877
1549038763.014673
1549038770.9580586
1549038771.382563
1549038774.0232925
1549038780.777163
1549038820.3066456
1549038843.5653603
1549038845.4114263
1549038845.7907033
1549038853.2108486
1549038858.4460127
1549038859.9230578
1549038867.7201686
1549038932.521733
1549038957.3051887
1549038969.1916304
1549038977.3566527
1549038995.5336578
1549038997.630637
1549039003.4479444
1549039018.685088
1549039076.6372306
1549039082.7665293
1549039105.1466427
1549039113.3177638
1549039116.574862
1549039117.0275962
1549039128.6854677
1549039133.872917
1549039143.2347457
1549039154.401516
1549039162.4985116
1549039168.4885356
1549039173.3999097
1549039207.6706555
1549039217.839512
1549039230.3643117
1549039244.80575
1549039257.944411
1549039259.451296
1549039259.8121688
1549039268.5724084
1549039279.4630754
1549039284.4647512
1549039307.2525012
1549039326.9675994
1549039329.7612188
1549039343.549745
1549039348.2103443
1549039353.2814682
1549039376.7313051
1549039377.0911512
1549039387.369882
1549039399.484237
1549039399.9575765
1549039410.1814754
1549039435.2017007
1549039457.3080525
1549039475.707215
1549039485.3768244
1549039497.4116998
1549039501.2734187
1549039508.8079395
1549039513.143322
1549039526.6136148
1549039531.6155393
1549039536.6172106
1549039570.2544127
1549039597.7792773
1549039612.1547444
1549039649.6122816
1549039660.82558
1549039669.4646282
1549039681.3760555
1549039712.756036
1549039718.4867287
1549039721.3551512
1549039725.9480112
1549039746.490121
1549039758.744687
1549039771.5856118
1549039773.5052888
1549039778.5072465
1549039787.622413
1549039794.0467849
1549039827.6522973
1549039865.8792658
1549039878.2020125
1549039879.5196514
1549039887.7331975
1549039915.5978642
1549039952.7640831
1549039962.2853072
1549039986.2844949
1549039986.7317584
1549039999.6616492
1549040017.1794438
1549040061.1541705
1549040066.1559455
1549040075.7358642
1549040080.73763
1549040085.7393155
1549040119.318561
1549040123.5573797
1549040183.8525069
1549040209.234624
1549040209.6615138
1549040214.6630597
1549040237.0044715
1549040257.3293643
1549040267.1082113
1549040290.6087058
1549040298.0785832
1549040310.907364
1549040319.6345103
1549040331.6448789
1549040339.8890414
1549040344.9338188
1549040363.465462
1549040383.6155312
1549040408.8698847
1549040435.1956742
1549040469.2188027
1549040486.0126388
1549040499.97724
1549040508.3012598
1549040559.1003458
1549040568.8510246
1549040592.1205437
1549040606.6259441
1549040617.3675234
1549040631.5906534
1549040638.6364098
1549040657.5855036
1549040664.6441321
1549040669.3020113
1549040687.81942
1549040715.6914597
1549040745.4298198
1549040773.036407
1549040778.7225447
1549040792.0832167
1549040808.6122003
1549040831.406849
1549040837.2546313
1549040854.299468
1549040882.1232572
1549040883.6480954
1549040885.2943556
1549040894.5393152
1549040902.2591817
1549040918.7044692
1549040933.4154656
1549040946.21865
1549040960.004374
1549040967.8480797
1549040973.6469078
1549040974.0321002
1549040978.086541
1549041013.0688915
1549041024.406976
1549041040.040337
1549041053.866327
1549041084.7586815
1549041098.8560126
1549041123.3623009
1549041125.438969
1549041176.2217405
1549041275.2684038
1549041303.3142912
1549041315.3269744
1549041317.3060753
1549041323.2422957
1549041342.2087128
1549041349.285681
1549041369.76782
1549041371.625373
1549041371.987622
1549041375.4102125
1549041431.9873028
1549041434.7316842
1549041459.7887292
1549041461.2534623
1549041474.0096643
1549041479.0115516
1549041495.8352025
1549041500.7337728
1549041505.6613533
1549041514.678706
1549041515.2748656
1549041546.9239247
1549041547.3829777
1549041572.9414644
1549041578.493302
1549041600.4605062
1549041606.338926
1549041631.5891309
1549041663.0169458
1549041688.429411
1549041688.8201425
1549041707.2479057
1549041728.4962213
1549041730.3042421
1549041743.8737125
1549041756.9844275
1549041773.0606506
1549041804.0544305
1549041822.3639636
1549041833.0087926
1549041856.4431849
1549041858.3427587
1549041865.0883162
1549041900.7827046
1549041927.9703424
1549041932.972056
1549041937.9737346
1549041974.3873944
1549041977.121991
1549042019.0536082
1549042099.745687
1549042104.0113678
1549042109.6157784
1549042121.949449
1549042125.714646
1549042130.7174172
1549042147.0061433
1549042148.5034347
1549042159.426117
1549042170.604181
1549042176.93054
1549042192.7229826
1549042197.7247086
1549042202.7265165
1549042207.72827
1549042212.7299547
1549042217.7316535
1549042222.733348
1549042227.7351832
1549042260.576103
1549042292.6809282
1549042305.289649
1549042320.0904708
1549042340.6161277
1549042342.5379984
1549042363.6788452
1549042371.3045385
1549042376.293549
1549042378.2054996
1549042386.6894004
1549042400.0829294
1549042424.1878996
1549042432.3625565
1549042442.3458748
1549042515.278235
1549042538.9859028
1549042551.0555406
1549042553.87981
1549042566.7771528
1549042585.5329292
1549042616.9130235
1549042674.8703938
1549042691.7209747
1549042697.1329083
1549042701.465457
1549042729.4092312
1549042743.0011644
1549042745.797306
1549042749.95229
1549042789.4296236
1549042804.409156
1549042808.1694398
1549042828.0879147
1549042833.8052087
1549042872.0877419
1549042899.4894533
1549042972.0744567
1549042989.091647
1549043020.536775
1549043058.6448634
1549043099.3394818
1549043101.4682617
1549043120.0174446
1549043156.962749
1549043165.933382
1549043184.3983095
1549043207.581872
1549043214.6999578
1549043226.3313327
1549043231.333
1549043238.5911524
1549043258.089252
1549043279.91639
1549043291.4135015
1549043305.0241857
1549043307.9044642
1549043313.510318
1549043345.301906
1549043364.052566
1549043382.9484432
1549043385.654014
1549043388.5107467
1549043469.7716928
1549043481.90524
1549043514.5930746
1549043539.8409827
1549043543.396795
1549043587.503998
1549043609.5332298
1549043615.9458961
1549043624.7443748
1549043629.6048632
1549043651.3466551
1549043651.7948492
1549043674.755806
1549043700.9518368
1549043707.1455467
1549043734.9253442
1549043735.373526
1549043738.2007844
1549043750.72584
1549043799.06051
1549043810.060753
1549043843.6183784
1549043873.8583465
1549043876.5457723
1549043881.6775968
1549043895.4540477
