1552480973.0150526
1552481077.4024644
1552481081.476588
1552481113.7108564
1552481120.8845375
1552481174.9788597
1552481268.4569423
1552481319.7150726
1552481340.4665108
1552481350.687049
1552481353.5542166
1552481355.7566495
1552481387.4788532
1552481420.5038292
1552481425.8722756
1552481438.3714252
1552481444.103569
1552481456.7525651
1552481461.6788547
1552481507.6604114
1552481530.5411518
1552481535.0092468
1552481605.6929245
1552481616.9252954
1552481643.4819708
1552481652.917226
1552481670.827487
1552481680.5532768
1552481740.5964632
1552481750.7071226
1552481812.5556328
1552481817.4632063
1552481817.8618996
1552481822.860215
1552481851.1819544
1552481857.1651297
1552481861.958994
1552481874.8432758
1552481909.041591
1552481973.892202
1552481989.8490078
1552482022.6094124
1552482044.4382665
1552482054.6337762
1552482073.6435046
1552482082.1504164
1552482125.2139175
1552482152.837693
1552482177.5466845
1552482218.0919318
1552482330.159294
1552482349.20198
1552482371.7654724
1552482381.6504037
1552482391.852083
1552482489.4428732
1552482523.3019075
1552482546.4384997
1552482572.3384697
1552482582.5356145
1552482586.8028708
1552482619.484937
1552482634.336043
1552482645.8491611
1552482654.0805874
1552482668.166703
1552482678.0252273
1552482678.4347696
1552482681.9656134
1552482706.7939029
1552482742.3500652
1552482758.6732552
1552482760.1319637
1552482866.732275
1552482898.7334692
1552482953.8036175
1552483049.1534522
1552483050.550329
1552483052.0332131
1552483069.3431656
1552483072.471654
1552483075.0604365
1552483081.396035
1552483107.3396332
1552483124.8155432
1552483160.3965254
1552483205.804567
1552483226.0239053
1552483267.7104535
1552483283.3859448
1552483308.840174
1552483353.8278537
1552483441.6830409
1552483453.4588163
1552483483.4616659
1552483507.627197
1552483511.8596132
1552483512.2029624
1552483516.8521886
1552483517.2333016
1552483528.9955342
1552483529.4024265
1552483554.0241885
1552483563.023278
1552483567.8647199
1552483578.0839918
1552483588.2735124
1552483603.8211281
1552483622.705743
1552483633.6436236
1552483637.8954477
1552483661.30027
1552483661.695924
1552483663.9396107
1552483673.177125
1552483678.032699
1552483777.7438245
1552483826.0655897
1552483836.6863675
1552483837.1708484
1552483840.3076758
1552483864.1891174
1552483891.9946449
1552483895.899969
1552483900.460744
1552483910.5690691
1552483924.6305969
1552483966.4117908
1552483978.1152112
1552484019.0135736
1552484039.9987953
1552484064.7152755
1552484073.7677522
1552484085.4794405
1552484129.880981
1552484145.3386722
1552484146.8055778
1552484166.332809
1552484183.2591524
1552484184.56733
1552484189.2318761
1552484200.0660038
1552484204.6983635
1552484214.9431398
1552484225.5701313
1552484263.1185272
1552484290.4298232
1552484295.8489122
1552484303.3332539
1552484306.4109533
1552484308.203073
1552484333.2493904
1552484337.7774444
1552484384.9971254
1552484387.883222
1552484396.8966208
1552484412.2785509
1552484459.2391365
1552484533.8991878
1552484550.035027
1552484574.5113716
1552484584.5940998
1552484595.0141466
1552484600.9933074
1552484649.2780204
1552484692.462435
1552484704.0033362
1552484709.5650275
1552484764.3566291
1552484818.480915
1552484822.0382452
1552484836.0575304
1552484850.5967538
1552484865.3632638
1552484901.7371645
1552484908.2185671
1552484923.9763331
1552484929.1905415
1552484941.4073207
1552484948.0732455
1552484953.004168
1552484973.4730177
1552484980.3653116
1552484984.822338
1552484989.0532324
1552484996.460642
1552485016.73483
1552485047.240299
1552485048.7152998
1552485069.4167898
1552485073.9803758
1552485084.4015799
1552485087.9654207
1552485091.012613
1552485094.0791888
1552485143.0577686
1552485154.7553515
1552485156.4589732
1552485156.8566952
1552485224.7082455
1552485229.5892375
1552485232.688268
1552485235.8114262
1552485263.13646
1552485281.784497
1552485320.5986972
1552485331.916805
1552485333.8198383
1552485378.7979271
1552485380.2239974
1552485396.5590405
1552485422.9111032
1552485432.4190505
1552485436.902734
1552485473.2896872
1552485495.9146082
1552485505.7149367
1552485546.1328423
1552485555.310246
1552485578.5250506
1552485602.7792168
1552485612.4159312
1552485616.6896715
1552485722.5226767
1552485724.8957436
1552485762.130069
1552485762.558799
1552485800.3179154
1552485807.213623
1552485847.3562732
1552485868.5388103
1552485919.965133
1552485974.6347673
1552485978.6121612
1552485995.2116284
1552486023.423165
1552486071.9779584
1552486079.0306208
1552486084.981425
1552486113.3413787
1552486128.7327256
1552486186.111002
1552486207.6057198
1552486218.5000033
1552486237.5273457
1552486243.814667
1552486245.6180205
1552486249.968063
1552486254.4346342
1552486266.9572613
1552486268.2625382
1552486430.0636797
1552486441.2528312
1552486503.1431453
1552486506.4267125
1552486519.941238
1552486566.5711107
1552486566.9397776
1552486646.9693542
1552486650.4639194
1552486653.4764416
1552486712.2503738
1552486717.2939532
1552486773.5288086
1552486797.5812213
1552486801.47191
1552486815.0170898
1552486844.3906317
1552486853.384821
1552486865.6080694
1552486874.0820384
1552486878.4159064
1552486884.4424617
1552486941.193152
1552486970.2061975
1552486996.7320395
1552487011.2973697
1552487024.9727855
1552487041.7075627
1552487046.0517638
1552487059.3980982
1552487073.4567513
1552487089.1871915
1552487105.6052074
1552487115.8150983
1552487134.3325
1552487136.4786808
1552487151.862859
1552487181.232494
1552487216.6716266
1552487242.7922442
1552487253.9897137
1552487257.218476
1552487315.55698
1552487352.8375344
1552487384.9192245
1552487483.352038
1552487498.0794053
1552487498.4652357
1552487507.9059756
1552487511.5792565
1552487529.8295228
1552487530.183887
1552487536.3570938
1552487542.2112715
1552487550.879033
1552487569.1553907
1552487603.6956625
1552487618.2924266
1552487627.5163276
1552487638.7613683
1552487652.9342082
1552487657.098192
1552487657.4873996
1552487691.0244882
1552487724.596239
1552487734.830891
1552487781.5987024
1552487791.7936575
1552487803.061004
1552487838.448516
1552487854.401028
1552487868.823789
1552487911.855367
1552487918.7967193
1552487924.934114
1552487933.602329
1552487950.8811731
1552487957.9598389
1552487962.9105015
1552487964.8028066
1552487991.6476018
1552488012.4531794
1552488040.9035194
1552488047.6762714
1552488057.8445745
1552488102.0364108
1552488112.2746542
1552488132.3036714
1552488175.2357695
1552488175.6698246
1552488196.6215394
1552488242.1749625
1552488243.5252583
1552488263.420511
1552488269.4519184
1552488272.9587846
1552488331.9035184
1552488369.6282346
1552488372.079813
1552488395.656238
1552488423.5880837
1552488445.689248
1552488514.2937853
1552488589.235996
1552488594.063753
1552488604.2545629
1552488705.957236
1552488733.7502937
1552488742.322701
1552488770.8464124
1552488791.5850182
1552488806.2706413
1552488811.1057057
1552488811.5452733
1552488816.6862392
1552488831.5262048
1552488856.977549
1552488867.8500519
1552488909.6338007
1552488924.9645572
1552488933.2237372
1552489000.674829
1552489049.2466025
1552489073.7017148
1552489081.8926525
1552489085.2961621
1552489143.935405
1552489169.1145906
1552489178.5359552
1552489202.580066
1552489206.2799768
1552489218.7606978
1552489229.783524
1552489288.4254904
1552489328.572934
1552489350.1612396
1552489372.281637
1552489404.2559147
1552489421.8269718
1552489442.5229654
1552489456.6336057
1552489480.2189302
1552489494.8103065
1552489524.3315551
1552489536.5933325
1552489560.8192198
1552489572.770827
1552489592.095942
1552489606.178297
1552489617.4474862
1552489636.0941663
1552489656.580549
1552489659.5411851
1552489662.5778022
1552489728.8747735
1552489729.2543404
1552489741.4510489
1552489806.0786684
1552489830.134743
1552489836.3424497
1552489872.2959113
1552489899.976492
1552489919.002457
1552489940.3218799
1552490008.7064116
1552490099.5236008
1552490117.948035
1552490124.4024322
1552490140.4111638
1552490205.2687423
1552490216.7460191
1552490272.210932
1552490285.8293395
1552490318.4670532
1552490334.4696553
1552490362.9437656
1552490365.9250734
1552490423.5147662
1552490426.002905
1552490431.463101
1552490442.0432308
1552490467.9730086
1552490473.0851574
1552490477.1000454
1552490485.0834994
1552490518.3380587
1552490553.84605
1552490573.0486333
1552490577.5171373
1552490592.5025287
1552490607.6033986
1552490608.0066843
1552490663.1522791
1552490677.8789535
1552490708.9490988
1552490724.6286058
1552490737.7100463
1552490794.5352745
1552490817.1769304
1552490830.5466046
1552490840.7727737
1552490862.2926128
1552490882.3438776
1552490949.8464384
1552490950.2591507
1552490950.6334877
1552490967.4851928
1552490992.1100504
1552491012.1034775
1552491025.9822423
1552491030.999969
1552491075.15109
1552491103.2237594
1552491148.6099842
1552491151.5697203
1552491151.962608
1552491210.0763397
1552491232.6024113
1552491274.2117023
1552491328.9284978
1552491339.1755693
1552491349.410147
1552491361.8406403
1552491416.208104
1552491479.3644834
1552491481.488066
1552491504.053551
1552491530.5520089
1552491531.8557346
1552491587.7500155
1552491606.8931563
1552491609.5055747
1552491628.7995899
1552491630.743504
1552491668.4353151
1552491750.088249
1552491770.8494153
1552491791.9158928
1552491801.5920875
1552491850.6698825
1552491876.256843
1552491878.0577657
1552491882.6871367
1552491896.4904
1552491957.5165837
1552491976.9060104
1552491983.2471514
1552491994.4911551
1552492009.2657769
1552492067.7049673
1552492072.1047976
1552492077.3012147
1552492128.145651
1552492158.222114
1552492225.09815
1552492286.7593138
1552492312.5307095
1552492348.319998
1552492359.8741748
1552492363.4259472
1552492515.6890361
1552492540.4503028
1552492554.446692
1552492564.1891775
1552492579.3289473
1552492611.217494
1552492617.807675
1552492695.5828242
1552492705.3496852
1552492715.5385957
1552492747.7743604
1552492795.5433545
1552492823.112264
1552492836.6836429
1552492846.905958
1552492847.315474
1552492850.5137215
1552492898.5332735
1552492912.3558304
1552492917.9932091
1552492933.1448972
1552492944.826292
1552492959.9110947
1552492986.4055703
1552492994.8626955
1552493008.4097712
1552493020.4844434
1552493034.623541
1552493044.3622851
1552493049.9685829
1552493051.4282799
1552493070.2883568
1552493079.0995812
1552493079.5023005
1552493128.2192795
1552493133.042027
1552493139.5996764
1552493155.3391888
1552493171.7312574
1552493196.196981
1552493209.8432066
1552493212.7688055
1552493216.3119721
1552493232.5660315
1552493244.291146
1552493291.8009272
1552493311.8242326
1552493364.5401106
1552493364.9680681
1552493388.118645
1552493411.9422493
1552493454.831236
1552493456.3251088
1552493473.7027218
1552493488.3232496
1552493495.3419645
1552493515.219238
1552493567.0107849
1552493585.3280592
1552493600.4682498
1552493603.5543263
1552493620.132436
1552493643.2255442
1552493725.2076843
1552493731.4193063
1552493750.2704744
1552493787.4804533
1552493797.697689
1552493817.284311
1552493908.9068449
1552493970.0127642
1552494027.173304
1552494084.8803892
1552494094.443343
1552494096.6259162
1552494163.555179
1552494183.201123
1552494183.6718903
1552494194.445626
1552494198.2826397
1552494216.8575985
1552494224.210622
1552494230.6289647
1552494282.2318096
1552494287.103283
1552494300.9790707
1552494303.2883625
1552494305.4633844
1552494356.9502857
1552494375.1735466
1552494393.7061577
1552494436.8665488
1552494448.1126535
1552494464.712364
1552494492.9614189
1552494498.127884
1552494506.6963873
1552494507.1466458
1552494542.780367
1552494545.2877285
1552494564.6829724
1552494592.971243
1552494595.0310535
1552494646.5274324
1552494648.2125638
1552494661.9852865
1552494681.0256462
1552494717.1787457
1552494719.558571
1552494743.8194363
1552494745.076637
1552494776.9520938
1552494866.0477462
1552494939.2052102
1552494943.7387135
1552494962.7335165
1552494985.1745138
1552494985.788538
1552495017.6022844
1552495027.8385725
1552495038.066299
1552495060.343582
1552495125.5107727
1552495152.3458354
1552495157.9405718
1552495166.6865828
1552495198.0979621
1552495202.914732
1552495216.04129
1552495233.579489
1552495236.7037127
1552495245.1949368
1552495247.6253617
1552495261.7970757
1552495266.168179
1552495279.2457802
1552495366.8918571
1552495396.3029501
1552495403.474556
1552495482.450775
1552495497.1254797
1552495508.6249597
1552495526.678607
1552495528.564339
1552495542.0774786
1552495542.4683726
1552495584.507582
1552495585.0072327
1552495633.7761257
1552495634.213758
1552495652.7336624
1552495666.650492
1552495677.1318498
1552495738.924746
1552495744.243918
1552495798.7662878
1552495802.520949
1552495837.5381255
1552495872.138807
1552495972.4583273
1552495977.2052805
1552495987.6048899
1552496045.9573088
1552496072.5886836
1552496076.8802054
1552496090.082493
1552496104.4282777
1552496158.3425374
1552496182.6866355
1552496193.7188113
1552496217.1616096
1552496230.1950326
1552496240.350598
1552496325.7223961
1552496346.6123352
1552496390.9805663
1552496435.4404533
1552496445.890268
1552496500.05612
1552496563.8290367
1552496597.0858693
1552496599.231491
1552496601.0105538
1552496606.315263
1552496617.8561523
1552496628.0985954
1552496642.4429414
1552496643.8545184
1552496686.9282727
1552496690.2181115
1552496701.8511891
1552496766.575828
1552496768.0011182
1552496771.933799
1552496778.0201018
1552496788.6739097
1552496811.9469552
1552496842.812785
1552496850.1120188
1552496893.8003418
1552496907.900675
1552496948.5173469
1552496999.1993978
1552497018.7132816
1552497045.3234632
1552497076.016885
1552497124.8380291
1552497149.991095
1552497157.0816987
1552497157.4667697
1552497166.0600972
1552497181.1828885
1552497209.2132804
1552497225.3489616
1552497244.72312
1552497285.6219695
1552497335.9607484
1552497370.7289748
1552497439.201946
1552497444.9889348
1552497447.8682268
1552497452.107066
1552497525.5785017
1552497574.4875524
1552497577.3525457
1552497606.3763177
1552497621.7441294
1552497652.4611542
1552497668.1909409
1552497680.6400251
1552497690.8569129
1552497739.227297
1552497763.9697359
1552497809.6898353
1552497827.7404346
1552497837.1667786
1552497844.0809917
1552497846.0328264
1552497915.617748
1552497931.5870526
1552497955.9537494
1552497960.9216776
1552497978.9887474
1552497980.4673548
1552498000.6709123
1552498010.865447
1552498038.0682142
1552498039.1886148
1552498053.1390004
1552498066.7455778
1552498088.3044078
1552498120.1000419
1552498140.494276
1552498147.3717508
1552498156.6046283
1552498197.4519627
1552498229.5765734
1552498230.0080492
1552498248.0886128
1552498316.0417683
1552498324.333019
1552498335.9237888
1552498349.3720407
1552498396.9916892
1552498420.6156352
1552498421.0841756
1552498421.5315588
1552498429.8346226
1552498435.6974974
1552498448.497564
1552498472.96855
1552498481.8966072
1552498485.81962
1552498513.860802
1552498521.5182524
1552498540.7630506
1552498545.322783
1552498553.0021403
1552498567.630744
1552498570.538235
1552498590.9128633
1552498601.8742087
1552498606.2213545
1552498659.096416
1552498681.7999341
1552498714.3748558
1552498719.482135
1552498741.3015873
1552498768.3069599
1552498803.6929772
1552498808.1946845
1552498840.589658
1552498867.2396724
1552498896.2318022
1552498904.619348
1552498974.7028043
1552499041.519651
1552499044.4118683
1552499044.7977052
1552499119.5052788
1552499170.8033798
1552499190.674235
1552499192.6133776
1552499268.1299076
1552499287.14374
1552499299.677586
1552499328.1381035
1552499361.4349487
1552499402.7307723
1552499443.2641964
1552499469.4436457
1552499493.162204
1552499509.4667869
1552499574.900454
1552499606.115131
1552499644.617586
1552499683.8305852
1552499697.6983922
1552499708.9500349
1552499714.2278185
1552499733.7356436
1552499754.6030285
1552499780.1853957
1552499917.905004
1552499919.9297545
1552499940.1849327
1552500012.502394
1552500027.9927995
1552500040.2470572
1552500096.7373807
1552500130.7257192
1552500176.4099276
1552500177.260318
1552500180.0833914
1552500249.5156157
1552500303.6673903
1552500306.369985
1552500324.104956
1552500342.5020282
1552500362.9899418
1552500401.1144838
1552500416.0278811
1552500429.8265064
1552500459.6554055
1552500475.5705347
1552500476.9726288
1552500517.2860165
1552500532.5095983
1552500558.860701
1552500601.7307694
1552500607.786376
1552500610.596777
1552500659.816422
1552500714.115502
1552500717.9283485
1552500718.3762524
1552500736.0101202
1552500784.1973925
1552500815.5534885
1552500856.358529
1552500866.5988889
1552500911.5165505
1552500914.8753593
1552500919.8237228
1552500932.2219028
1552500969.055354
1552500996.5916455
1552501004.4457273
1552501034.995703
1552501053.6578832
1552501094.264126
1552501107.6074796
1552501191.7508454
1552501218.6304693
1552501226.2342796
1552501282.3187368
1552501286.6021163
1552501297.3878012
1552501321.6445894
1552501348.1037092
1552501350.1569493
1552501411.857921
1552501455.28216
1552501495.6532035
1552501508.180358
1552501529.4769099
1552501551.3066297
1552501569.6985946
1552501575.739238
1552501580.0500727
1552501580.4481914
1552501591.3786802
1552501646.5250893
1552501724.3359232
1552501724.9687026
1552501727.0406353
1552501748.422166
1552501751.1107912
1552501768.3071322
1552501859.9951513
1552501870.229012
1552501884.000615
1552501895.6027489
1552501912.30329
1552501930.6373863
1552501938.7808993
1552501982.5178418
1552501998.923996
1552502008.0334427
1552502036.5977771
1552502054.3754115
1552502057.4234803
1552502073.27711
1552502085.8866808
1552502108.7558982
1552502118.1899571
1552502179.3522677
1552502220.153854
1552502225.8977158
1552502276.7983966
1552502293.9204812
1552502329.5170908
1552502341.8337293
1552502382.3140748
1552502398.4378386
1552502421.1313987
1552502432.3733544
1552502436.2488368
1552502456.1303732
1552502461.6379855
1552502484.6761713
1552502485.325313
1552502485.7256322
1552502522.773916
1552502540.718073
1552502579.3757095
1552502612.4090648
1552502630.9684052
1552502676.150645
1552502698.06597
1552502762.9078336
1552502778.8586755
1552502867.8022437
1552502879.6873555
1552502892.7650566
1552502917.48526
1552502917.9046977
1552502940.576182
1552502960.85121
1552502966.5422316
1552503004.128488
1552503027.1606185
1552503037.3904903
1552503051.1152778
1552503127.568852
1552503156.9735456
1552503201.9606678
1552503244.8514166
1552503252.632175
1552503267.6891692
1552503294.750209
1552503313.3531184
1552503313.7616541
1552503317.5140867
1552503327.721807
1552503343.2982638
1552503351.9881885
1552503388.8142323
1552503406.4314063
1552503422.850919
1552503477.476658
1552503545.8230839
1552503597.4319198
1552503613.9103737
1552503614.2395413
1552503620.3915238
1552503620.8316572
1552503623.669477
1552503641.6172128
1552503653.7123764
1552503698.1742108
1552503703.538505
1552503754.820603
1552503802.3694694
1552503821.0286508
1552503825.8797774
1552503827.2604716
1552503874.3464246
1552503884.2144
1552503919.094313
1552503946.6370618
1552503950.7887278
1552503963.2896245
1552503983.1571841
1552504043.876079
1552504052.1694763
1552504055.0652318
1552504071.153429
1552504072.619124
1552504081.0694091
1552504099.1308303
1552504139.4119134
1552504155.8490322
1552504230.2935119
1552504251.9435825
1552504290.8889418
1552504293.894092
1552504306.686844
1552504309.154633
1552504340.4083984
1552504348.3322635
1552504390.253578
1552504404.401745
1552504425.731898
1552504439.1478975
1552504441.0440397
1552504441.472676
1552504454.7647073
1552504474.9509046
1552504509.9627016
1552504525.3243527
1552504553.258871
1552504562.4980314
1552504570.096422
1552504580.6065195
1552504609.513981
1552504612.4494634
1552504643.7601821
1552504650.9635465
1552504686.0953693
1552504705.986793
1552504736.2975657
1552504753.442583
1552504763.6330535
1552504773.8374412
1552504789.3472784
1552504808.9854321
1552504819.18953
1552504829.4106357
1552504849.2533817
1552504888.5390697
1552504916.6942337
1552504940.372827
1552504940.7538266
1552504955.699642
1552504980.3740191
1552505018.7188861
1552505035.4825954
1552505051.0139012
1552505076.874752
1552505098.5815268
1552505105.6716976
1552505112.7968588
1552505150.6387649
1552505159.1239486
1552505173.973405
1552505180.822503
1552505223.8936086
1552505233.3630543
1552505298.4775548
1552505302.6460474
1552505327.252301
1552505334.709984
1552505336.3103878
1552505343.463002
1552505368.6407294
1552505383.0680425
1552505408.9031174
1552505418.5776815
1552505428.0515227
1552505433.5447137
1552505479.6829705
1552505489.8834772
1552505502.0958784
1552505553.8536232
1552505559.917376
1552505568.8681464
1552505661.7181563
1552505674.0056398
1552505709.674662
1552505740.7492025
1552505753.508972
1552505785.6235807
1552505786.0245202
1552505797.7920249
1552505825.5477238
1552505871.008917
1552505927.444478
1552505929.7163002
1552505959.217782
1552506011.0685883
1552506048.3260806
1552506055.6693876
1552506072.3252356
1552506102.9083042
1552506135.8804772
1552506141.6992922
1552506154.4424145
1552506176.2512767
1552506188.7864444
1552506233.8922458
1552506235.3180387
1552506245.5281775
1552506252.6287136
1552506277.234601
1552506290.5740874
1552506315.1427488
1552506332.9678605
1552506344.1771052
1552506353.5934927
1552506373.8171706
1552506384.0655477
1552506403.2659297
1552506408.720385
1552506426.9834757
1552506439.4390101
1552506530.7734349
1552506550.9122946
1552506557.2355926
1552506567.6049242
1552506602.4908016
1552506627.8480687
1552506676.8743317
1552506690.0825381
1552506710.3690214
1552506717.649648
1552506754.47621
1552506775.3323915
1552506821.6698666
1552506823.0806098
1552506865.6566381
1552506869.73123
1552506903.0729232
1552506913.2896564
1552506933.3800638
1552506934.7262125
1552506935.178478
1552506959.7229671
1552506960.121412
1552506966.0740058
1552507080.911899
1552507140.6493592
1552507165.505796
1552507197.5201602
1552507240.9626057
1552507266.7000754
1552507295.4386415
1552507311.792399
1552507371.2000914
1552507378.7530193
1552507381.3400757
1552507399.4471135
1552507408.4327905
1552507422.1440177
1552507432.3810546
1552507575.6371756
1552507595.570046
1552507619.7754292
1552507630.023033
1552507647.461727
1552507668.4467046
1552507684.0072758
1552507688.5316417
1552507730.899663
1552507763.0614548
1552507783.431067
1552507801.662274
1552507805.9819732
1552507835.6100845
1552507856.730202
1552507857.1746745
1552507868.353027
1552507893.277806
1552507893.7022414
1552507966.7567835
1552507971.3030396
1552507984.4024456
1552507984.7307143
1552507996.0079799
1552508013.4257457
1552508026.008012
1552508030.0850842
1552508080.90873
1552508102.3193123
1552508185.7494004
1552508198.52445
1552508243.0583744
1552508243.4678376
1552508249.0602438
1552508273.811766
1552508276.6572926
1552508281.7470655
1552508303.180204
1552508319.9706059
1552508323.5004847
1552508364.632698
1552508390.2516034
1552508423.0104103
1552508439.8692122
1552508488.3828902
1552508495.3054497
1552508514.375721
1552508520.293269
1552508534.03443
1552508538.9989173
1552508550.0881355
1552508609.7797616
1552508627.3953109
1552508640.1264162
1552508677.558753
1552508687.8157866
1552508724.1558971
1552508754.5495565
1552508764.8452506
1552508803.1279225
1552508830.1504185
1552508873.2775733
1552508933.9964383
1552508989.2186038
1552509049.2012346
1552509076.8776662
1552509095.8986402
1552509106.7350523
1552509146.087759
1552509159.93053
1552509168.1660476
1552509195.3576527
1552509195.8305342
1552509254.4052641
1552509312.6436799
1552509359.3453057
1552509406.4064338
1552509446.0308464
1552509448.534198
1552509470.8003738
1552509482.120076
1552509507.9521651
1552509518.9828837
1552509564.914324
1552509645.6933591
1552509692.9617271
1552509721.9141939
1552509734.7318153
1552509757.099627
1552509760.6397092
1552509804.598377
1552509815.2249866
1552509819.9599333
1552509820.4135802
1552509892.0961535
1552509944.2224445
1552509949.3487744
1552509963.5014343
1552509964.9463658
1552510035.241031
1552510066.6285946
1552510074.411553
1552510082.1963716
1552510139.2669683
1552510229.2002842
1552510287.2577028
1552510301.574371
1552510316.8898325
1552510344.8129928
1552510346.1210806
1552510346.564048
1552510359.3257563
1552510425.2483017
1552510428.7883527
1552510446.6310308
1552510454.3174489
1552510462.8575082
1552510477.8049645
1552510480.7779837
1552510498.7317765
1552510500.2533505
1552510574.105579
1552510638.343283
1552510654.553801
1552510659.3500714
1552510682.979751
1552510688.0963974
1552510693.123138
1552510698.0467982
1552510708.2636373
1552510721.6672194
1552510731.1928205
1552510732.5192814
1552510853.4527638
1552510859.607442
1552510871.2268555
1552510883.7710297
1552510899.8478632
1552510921.7386894
1552510940.8165355
1552510946.9190264
1552510960.953348
1552510978.806342
1552510982.1422546
1552510984.1499815
1552511012.403801
1552511039.977352
1552511049.623514
1552511051.0526416
1552511076.1737268
1552511123.705061
1552511124.1215353
1552511124.536531
1552511149.8376226
1552511165.9378207
1552511169.4553497
1552511176.525617
1552511191.2582986
1552511202.4798498
1552511213.3822002
1552511236.2210016
1552511238.0873964
1552511268.5125225
1552511302.3354259
1552511303.8890567
1552511327.5230618
1552511394.1090996
1552511452.9955316
1552511454.108076
1552511484.2933955
1552511509.3260767
1552511546.306073
1552511553.3571675
1552511592.7748942
1552511598.1236892
1552511601.4652178
1552511618.8270557
1552511629.7728179
1552511639.9492886
1552511651.2046437
1552511660.9820323
1552511703.1427553
1552511722.4229963
1552511774.275711
1552511789.1646452
1552511818.8367875
1552511828.193479
1552511856.3138158
1552511861.88115
1552511957.1367588
1552511972.6607442
1552512021.6878672
1552512072.794732
1552512083.6273367
1552512112.3122318
1552512136.454999
1552512232.3762465
1552512365.9572206
1552512403.9905667
1552512411.5602913
1552512460.1136475
1552512461.5381937
1552512473.896391
1552512480.2771223
1552512543.4682438
1552512553.687283
1552512594.0124862
1552512631.8169026
1552512645.5855386
1552512648.6252322
1552512772.8027132
1552512774.9543343
1552512813.593705
1552512832.460853
1552512973.8055878
1552512997.1934621
1552513015.1228092
1552513016.3703713
1552513068.2746906
1552513095.2445292
1552513139.811332
1552513201.031888
1552513304.0529852
1552513343.1578262
1552513408.6298966
1552513411.211349
1552513479.2713377
1552513489.079545
1552513500.7994013
1552513531.6812477
1552513543.2552187
