1552352806.1062977
1552352877.1372335
1552352901.4907374
1552352908.4477148
1552352924.5976973
1552352944.0988626
1552353071.7631087
1552353108.539053
1552353114.3363576
1552353135.7039595
1552353168.3735027
1552353180.140746
1552353241.0169394
1552353242.5031543
1552353260.9426503
1552353265.1878815
1552353293.5686948
1552353296.4089959
1552353316.956002
1552353469.937838
1552353515.2880285
1552353518.562516
1552353534.167897
1552353535.0797365
1552353549.8646963
1552353552.2955887
1552353554.5162427
1552353561.4605823
1552353564.9450116
1552353581.1003575
1552353583.079824
1552353593.865358
1552353615.6935828
1552353617.073174
1552353618.016644
1552353629.1816196
1552353741.4374108
1552353821.7073216
1552353822.1573253
1552353832.7822146
1552353841.9423401
1552353858.3805275
1552353906.158722
1552353916.5995326
1552353955.9406998
1552353970.4303083
1552354000.1678126
1552354001.6060932
1552354032.511919
1552354032.9166665
1552354083.0112627
1552354274.00965
1552354318.005531
1552354358.9936204
1552354386.74269
1552354430.8776896
1552354443.9064546
1552354445.595437
1552354447.2704139
1552354454.0867643
1552354465.4354663
1552354470.1661787
1552354498.275925
1552354514.532486
1552354587.5818748
1552354608.0800967
1552354645.2069542
1552354663.0185666
1552354708.9594126
1552354721.0729723
1552354760.178451
1552354760.6592505
1552354790.062557
1552354805.4490304
1552354844.1641276
1552354850.7935045
1552354855.5686455
1552354859.1948235
1552354916.5558126
1552354925.4125957
1552354942.2419696
1552355032.543397
1552355077.6676528
1552355111.3828049
1552355154.1547482
1552355168.0336661
1552355187.4043238
1552355192.1236465
1552355264.494099
1552355279.0679936
1552355291.0188754
1552355310.255084
1552355320.497763
1552355327.0816553
1552355439.5807226
1552355444.6997235
1552355471.024247
1552355511.024044
1552355516.2876463
1552355540.5416665
1552355602.1393833
1552355624.5234776
1552355633.3509848
1552355664.2986586
1552355681.1889157
1552355690.911932
1552355706.422847
1552355741.242071
1552355792.5518978
1552355848.5334427
1552355911.621733
1552355947.2554438
1552355968.22066
1552355999.963105
1552356000.4677055
1552356015.3832374
1552356030.8174284
1552356031.4452631
1552356036.900547
1552356060.4266906
1552356080.369164
1552356128.0156133
1552356144.584713
1552356153.6862628
1552356176.6513
1552356179.237733
1552356215.8409934
1552356242.4449313
1552356274.056249
1552356274.9602606
1552356369.7586648
1552356404.435199
1552356418.7610526
1552356466.5970979
1552356522.8881466
1552356533.641131
1552356548.057575
1552356564.7315435
1552356638.7609017
1552356655.018976
1552356684.345283
1552356728.4368324
1552356756.7650206
1552356773.786489
1552356857.7790246
1552356915.5079353
1552356946.8180127
1552356949.7799037
1552356994.5122824
1552357049.6498313
1552357070.510766
1552357086.891591
1552357157.5818188
1552357187.3257868
1552357189.4687417
1552357221.9757552
1552357239.8694434
1552357395.7719553
1552357396.199949
1552357425.8317113
1552357483.5777879
1552357511.1628056
1552357538.4628115
1552357574.70887
1552357582.7362406
1552357599.0701566
1552357659.1045609
1552357676.6796598
1552357688.8067827
1552357707.5088513
1552357761.101931
1552357797.193942
1552357812.9199095
1552357823.068581
1552357869.9280026
1552357870.7653096
1552357896.3355656
1552357921.7444444
1552357935.1158392
1552357937.5704923
1552357953.7198403
1552357960.9291973
1552357976.4376318
1552358001.3573353
1552358022.3355753
1552358028.4456518
1552358115.5661597
1552358155.6105268
1552358199.7318413
1552358222.084114
1552358294.2289984
1552358318.2880886
1552358336.6801867
1552358336.9873497
1552358351.871243
1552358414.9169166
1552358444.9946532
1552358448.3143249
1552358497.944691
1552358508.4773777
1552358509.9043896
1552358510.309526
1552358520.8855433
1552358532.1476858
1552358582.7612765
1552358583.5916786
1552358597.6653523
1552358675.654457
1552358691.0611048
1552358701.251469
1552358726.860378
1552358751.2136078
1552358766.163618
1552358798.592072
1552358805.4551861
1552358806.865623
1552358814.8262074
1552358824.7450173
1552358832.613116
1552358833.0761876
1552358892.7455785
1552358949.7748377
1552358956.9954305
1552358997.4535637
1552358998.887008
1552359075.0916042
1552359075.7836783
1552359081.2681944
1552359153.4397993
1552359176.999734
1552359210.538199
1552359247.8977807
1552359258.6790988
1552359316.3987505
1552359320.4729986
1552359332.6534846
1552359335.2861402
1552359343.1684957
1552359354.34502
1552359363.2742884
1552359390.355748
1552359405.3850977
1552359421.8301122
1552359439.6645818
1552359448.6845813
1552359453.229963
1552359545.1476562
1552359556.7791631
1552359631.6844792
1552359633.072586
1552359656.3029566
1552359657.7108393
1552359681.9248102
1552359689.4781897
1552359706.1003203
1552359747.3186722
1552359760.3225143
1552359772.781633
1552359797.6510415
1552359845.3972898
1552359846.195102
1552359912.221013
1552359937.687288
1552359960.1249278
1552360002.4995189
1552360003.8930326
1552360027.1671855
1552360042.5168881
1552360050.89694
1552360065.8366413
1552360086.4861128
1552360135.0705159
1552360178.1600583
1552360248.1262896
1552360258.3744113
1552360269.3295527
1552360302.2871237
1552360312.9991474
1552360321.3732045
1552360399.0469882
1552360432.4075074
1552360474.2129025
1552360556.1904008
1552360572.290272
1552360575.420405
1552360578.3491304
1552360628.1803439
1552360675.5154073
1552360677.9795732
1552360686.975636
1552360861.0957346
1552360865.2436304
1552360888.5697255
1552360905.7364347
1552360942.9075224
1552360946.075635
1552360976.8396704
1552361020.817769
1552361026.0845196
1552361071.254668
1552361085.7157645
1552361118.9079099
1552361131.3587077
1552361144.6948836
1552361153.269328
1552361161.2047281
1552361198.325735
1552361221.7933493
1552361233.303328
1552361249.7557194
1552361267.9267373
1552361283.3883305
1552361301.4021142
1552361348.0489113
1552361415.5163703
1552361428.3553
1552361446.431713
1552361477.28227
1552361488.776635
1552361495.429594
1552361508.6477125
1552361548.44867
1552361550.724718
1552361655.7085714
1552361658.260853
1552361671.0042982
1552361671.461454
1552361698.705348
1552361743.1999154
1552361763.6983657
1552361819.9075274
1552361832.792549
1552361851.0860872
1552361881.4553661
1552361885.0748248
1552361951.7096791
1552361974.5577474
1552362016.5188055
1552362028.4490283
1552362074.3584588
1552362079.347228
1552362080.7937922
1552362098.5909417
1552362129.9261928
1552362148.526222
1552362169.902582
1552362200.5219932
1552362215.6640098
1552362287.0013046
1552362310.682137
1552362313.4697254
1552362318.8846235
1552362319.3066568
1552362320.2142901
1552362335.313876
1552362335.7508347
1552362393.9280539
1552362464.9443884
1552362501.3001153
1552362520.9121792
1552362525.6167998
1552362543.0690887
1552362573.274228
1552362584.411097
1552362620.881175
1552362622.3098173
1552362653.5205991
1552362662.5461814
1552362665.9512615
1552362713.0219865
1552362729.1692102
1552362755.1544263
1552362760.5956173
1552362794.4278593
1552362803.0704758
1552362834.0576084
1552362846.4156852
1552362878.1022704
1552362919.177628
1552362927.4006078
1552362974.9040356
1552363033.4365284
1552363129.5397956
1552363257.0746622
1552363261.6031764
1552363311.8755872
1552363313.4215398
1552363333.8745465
1552363335.377361
1552363346.0640476
1552363370.782889
1552363390.575895
1552363407.4858108
1552363407.8648393
1552363433.8897772
1552363461.764149
1552363471.6710448
1552363486.2227056
1552363501.4793825
1552363571.0986335
1552363592.0194392
1552363611.141807
1552363624.567613
1552363640.9534633
1552363673.0099494
1552363753.848379
1552363773.693141
1552363779.8965328
1552363823.0113058
1552363846.5783346
1552363902.9262192
1552363940.157126
1552363952.8735106
1552363965.0406687
1552363979.9787405
1552364028.231879
1552364051.2035687
1552364062.5155556
1552364066.9671445
1552364132.5033684
1552364187.1963508
1552364199.6851776
1552364236.3043387
1552364252.8642097
1552364272.8128855
1552364283.711247
1552364292.2880208
1552364295.321164
1552364313.1792564
1552364377.0646806
1552364407.4438486
1552364418.625571
1552364431.0550575
1552364439.321555
1552364441.5449286
1552364452.1381996
1552364465.610792
1552364494.565304
1552364497.8241098
1552364516.4859283
1552364654.9892123
1552364671.4188375
1552364683.4061277
1552364695.5951722
1552364731.4193683
1552364734.6919985
1552364752.1083655
1552364755.6344883
1552364786.3610659
1552364820.7703798
1552364838.1660907
1552364845.3848956
1552364845.964329
1552364919.4166567
1552364953.7400994
1552364997.0242455
1552365016.562175
1552365040.036504
1552365238.6270344
1552365242.5426548
1552365252.7786484
1552365267.3886254
1552365285.598551
1552365289.313766
1552365361.1394022
1552365437.1519775
1552365489.975262
1552365506.4921691
1552365528.6812296
1552365529.5863814
1552365568.4464498
1552365585.6066473
1552365653.4745274
1552365678.8338988
1552365682.1649604
1552365710.6182098
1552365786.1655002
1552365791.2782118
1552365822.6964846
1552365837.2496226
1552365880.5293117
1552365888.5132692
1552365895.8487358
1552365896.240851
1552365933.8527975
1552365943.7688615
1552365952.6272082
1552365965.110412
1552366112.4302747
1552366133.8745553
1552366138.4539447
1552366159.2217214
1552366161.6457987
1552366200.5457153
1552366208.297572
1552366210.0501192
1552366231.8704967
1552366248.5823107
1552366260.771298
1552366274.0561032
1552366338.5135238
1552366351.0431287
1552366383.8354125
1552366434.3847198
1552366436.0192902
1552366450.194537
1552366491.6476386
1552366500.2360258
1552366516.5590022
1552366522.5239913
1552366532.230528
1552366572.2806525
1552366599.6179194
1552366613.0130203
1552366661.474943
1552366665.0956273
1552366676.3054245
1552366801.5775793
1552366814.4621432
1552366858.479009
1552366881.100553
1552366952.106124
1552366969.9736779
1552366982.649739
1552367016.3685246
1552367018.7164676
1552367038.7194357
1552367105.0453293
1552367179.693408
1552367196.3748994
1552367282.8846478
1552367316.293423
1552367335.8656259
1552367351.441562
1552367356.8571835
1552367365.9196157
1552367395.547715
1552367419.365194
1552367467.3843563
1552367487.6003056
1552367510.5499666
1552367513.1488342
1552367527.5803611
1552367640.817973
1552367687.3371096
1552367697.8681836
1552367747.2847154
1552367782.0716324
1552367804.8593214
1552367838.0315578
1552367869.6649358
1552367870.0291746
1552367886.912667
1552367921.6848712
1552367963.0484748
1552367990.3254719
1552368033.490787
1552368042.4736977
1552368049.9161437
1552368074.823314
1552368150.5415938
1552368382.5102491
1552368459.9384916
1552368502.53247
1552368525.255475
1552368565.383029
1552368599.981949
1552368661.9371336
1552368722.7291775
1552368726.7338724
1552368764.4652412
1552368773.467985
1552368786.3688467
1552368805.3270035
1552368819.1927056
1552368837.519229
1552368862.2856517
1552368899.5426872
1552368935.678407
1552368957.3778427
1552369002.5009172
1552369024.3602962
1552369028.8489513
1552369043.9402807
1552369071.67703
1552369090.143606
1552369098.9312577
1552369117.1584394
1552369124.2371967
1552369130.1872537
1552369144.6728501
1552369154.245605
1552369157.4768667
1552369215.1216338
1552369215.5058012
1552369247.3816092
1552369267.7277865
1552369379.3005655
1552369384.9886625
1552369434.4857173
1552369434.899221
1552369447.4806964
1552369461.9261646
1552369507.1608586
1552369570.5629258
1552369587.7825704
1552369591.2264268
1552369599.6183546
1552369647.9878237
1552369760.8795273
1552369776.5966334
1552369826.5247695
1552369943.1656053
1552369947.0544972
1552369995.6558611
1552370060.2461445
1552370076.681517
1552370092.7247171
1552370104.4248953
1552370121.2259958
1552370125.5047667
1552370239.3700929
1552370244.3848832
1552370305.3009465
1552370329.416839
1552370373.5816848
1552370397.9376855
1552370415.6754415
1552370444.106605
1552370473.0072994
1552370500.4350903
1552370530.2248664
1552370532.1794937
1552370557.0185418
1552370562.898711
1552370579.4604695
1552370640.2916152
1552370670.7374105
1552370692.4451258
1552370698.566388
1552370703.532125
1552370731.2003417
1552370753.1114078
1552370869.1265814
1552370945.0868094
1552370977.3016236
1552371010.707655
1552371038.7695827
1552371041.6294506
1552371052.1341298
1552371097.272305
1552371113.2131433
1552371149.529496
1552371161.6131105
1552371162.076922
1552371214.0528169
1552371226.6653304
1552371260.0346854
1552371294.240398
1552371334.4521253
1552371341.5499256
1552371348.0130785
1552371387.400724
1552371393.9217193
1552371528.4791715
1552371547.9165707
1552371571.6758454
1552371691.1392143
1552371762.0577483
1552371773.1747088
1552371778.5397334
1552371785.8536093
1552371822.169546
1552371875.1977332
1552371880.9837968
1552371915.1240876
1552371947.258433
1552371951.4715817
1552371968.668483
1552371987.9157286
1552371990.7401538
1552371998.466194
1552372033.203079
1552372064.4069917
1552372067.622781
1552372130.1987617
1552372222.119729
1552372271.0399005
1552372293.6404698
1552372317.4368064
1552372430.9359288
1552372452.3822095
1552372463.4258702
1552372477.3183985
1552372486.5198483
1552372514.5619483
1552372514.9538782
1552372526.417584
1552372543.5331824
1552372574.5297363
1552372599.6081388
1552372613.5147228
1552372645.2305174
1552372655.0823154
1552372713.9688845
1552372741.027053
1552372760.315303
1552372767.7620728
1552372796.5191526
1552372856.1458833
1552372857.2418933
1552372896.025462
1552372919.6423545
1552372930.0818458
1552372948.3209
1552372979.441822
1552373129.5449867
1552373188.284722
1552373196.1928515
1552373306.9643245
1552373368.2141469
1552373411.74637
1552373430.1585367
1552373453.8338523
1552373515.2262557
1552373555.1913776
1552373607.5589576
1552373620.902244
1552373621.3542209
1552373632.8928127
1552373634.3210745
1552373640.182862
1552373652.3433607
1552373731.0491512
1552373787.848216
1552373806.1546936
1552373815.982242
1552373825.8272572
1552373921.4281678
1552373966.3876357
1552373977.5713928
1552373994.8031354
1552374007.6093554
1552374025.7192168
1552374067.3528302
1552374091.2868023
1552374116.0544648
1552374119.1298819
1552374143.7371423
1552374145.3059297
1552374152.5645635
1552374178.0037022
1552374227.2159433
1552374233.4434109
1552374247.7460954
1552374258.2263808
1552374270.9672797
1552374275.7893782
1552374283.6434512
1552374301.082506
1552374384.4753501
1552374397.568067
1552374439.1771696
1552374465.6200852
1552374471.5022957
1552374501.7547894
1552374524.2845504
1552374565.259423
1552374624.3128295
1552374673.4845555
1552374677.8531582
1552374720.7418623
1552374740.3284597
1552374757.4762866
1552374769.9152136
1552374820.582102
1552374876.0353827
1552374896.91122
1552374909.161744
1552374911.9655826
1552374985.4886014
1552374997.7742062
1552375003.1562366
1552375008.9590235
1552375050.7232392
1552375070.4458158
1552375086.4479015
1552375099.3881247
1552375101.721946
1552375116.8547552
1552375137.6303127
1552375146.7436543
1552375210.9833074
1552375242.8135135
1552375264.4822583
1552375322.7905881
1552375325.7728343
1552375355.3109326
1552375355.7327952
1552375366.1837466
1552375406.3215835
1552375426.3380687
1552375459.3042755
1552375464.4818192
1552375478.058975
1552375524.5013452
1552375554.9067116
1552375576.1635525
1552375585.0043986
1552375645.6382573
1552375670.6352613
1552375711.2779922
1552375711.709845
1552375760.3763404
1552375803.978971
1552375832.8630517
1552375866.6476328
1552375869.7535758
1552375881.3700957
1552375881.755258
1552375892.098823
1552375905.2769704
1552375921.122725
1552375945.2090254
1552375957.3090236
1552375972.5632322
1552376015.7614598
1552376036.1249168
1552376045.2314396
1552376057.2687366
1552376079.2486694
1552376118.7310598
1552376130.2524664
1552376139.5727353
1552376163.8447526
1552376204.434488
1552376219.584388
1552376236.4921
1552376251.2498505
1552376290.1338897
1552376318.1550574
1552376340.0275712
1552376365.2880049
1552376417.7241151
1552376422.0251722
1552376436.229014
1552376463.3796265
1552376492.9467862
1552376554.9004388
1552376579.8938546
