1552217887.6893945
1552217889.572145
1552217937.050667
1552217940.4133623
1552217950.829046
1552217959.6789262
1552217967.3295965
1552217969.256169
1552217972.509896
1552217980.095945
1552217990.436759
1552217997.9348462
1552217999.743788
1552218002.978613
1552218009.1231127
1552218018.2071307
1552218021.5212536
1552218029.1368525
1552218065.143969
1552218075.4205055
1552218115.59387
1552218127.5112495
1552218146.3639522
1552218148.2173824
1552218163.08045
1552218166.3389678
1552218172.4459178
1552218187.2363684
1552218193.4107084
1552218209.4775257
1552218209.877411
1552218230.5290225
1552218243.6411908
1552218262.5369031
1552218288.5111957
1552218297.4956095
1552218302.2685218
1552218321.2478518
1552218324.3717191
1552218326.1551702
1552218336.5718248
1552218362.5528224
1552218367.2215834
1552218394.8137934
1552218408.1883776
1552218418.575826
1552218430.3723679
1552218442.215275
1552218471.1120431
1552218482.981693
1552218487.7134807
1552218492.3846815
1552218508.6124039
1552218531.6668098
1552218600.7973428
1552218621.2254896
1552218625.9517992
1552218663.3717055
1552218672.4794557
1552218672.8854828
1552218680.4699886
1552218682.3257346
1552218722.6036518
1552218724.44368
1552218733.4522278
1552218743.8585103
1552218745.7652047
1552218766.1736448
1552218766.5918834
1552218777.0040944
1552218790.3928747
1552218809.529362
1552218840.1528327
1552218844.7823153
1552218853.6946568
1552218885.5978198
1552218890.3252845
1552218896.3770967
1552218908.0662966
1552218908.461958
1552218911.8906162
1552218932.3809364
1552218967.1886072
1552218973.2517765
1552218973.7329316
1552218977.0891407
1552218978.9553678
1552218992.2720144
1552219002.8407648
1552219003.2779841
1552219006.6718802
1552219015.746444
1552219053.174924
1552219090.7410216
1552219124.0588984
1552219148.7689316
1552219156.3171606
1552219158.1747348
1552219179.9673636
1552219184.814413
1552219213.5897515
1552219241.0483398
1552219242.9130518
1552219250.5818446
1552219252.4031248
1552219276.9841177
1552219281.7113628
1552219299.0176432
1552219299.3944116
1552219318.66837
1552219343.372137
1552219352.2897062
1552219362.6450353
1552219364.3316996
1552219380.3080842
1552219389.310221
1552219389.699425
1552219446.243718
1552219452.348029
1552219471.0211647
1552219477.108046
1552219493.1040497
1552219529.4891927
1552219534.2616913
1552219551.7299757
1552219568.0137753
1552219582.9038365
1552219591.864526
1552219596.5985825
1552219607.0203836
1552219614.5996628
1552219626.4079592
1552219643.8965461
1552219645.6266925
1552219647.4152412
1552219695.168014
1552219705.570182
1552219708.8724024
1552219737.8844006
1552219746.9126732
1552219782.8052888
1552219787.4555738
1552219803.4557805
1552219809.553159
1552219822.7933633
1552219843.0395198
1552219847.6868198
1552219857.9869747
1552219871.1726415
1552219890.1567788
1552219927.7575195
1552219949.589929
1552219955.6327856
1552219971.8293853
1552219975.0173862
1552219982.6272793
1552219992.9655817
1552219996.3033423
1552220002.4863162
1552220002.8221772
1552220007.6576445
1552220033.704657
1552220039.9501078
1552220043.1561809
1552220052.0720491
1552220052.53044
1552220094.3194866
1552220103.3338106
1552220105.1419716
1552220116.989955
1552220126.003396
1552220166.385589
1552220169.6885748
1552220175.8834283
1552220176.3333557
1552220181.0908036
1552220205.7779107
1552220219.1420667
1552220228.1403646
1552220239.9710443
1552220278.505172
1552220290.2471614
1552220300.7065864
1552220306.769862
1552220333.9102674
1552220354.4717073
1552220438.4831412
1552220451.9389024
1552220462.2309885
1552220467.1067195
1552220467.5526366
1552220490.9115508
1552220495.619517
1552220498.9608922
1552220502.1763086
1552220508.3462343
1552220531.7012148
1552220532.0966034
1552220535.521368
1552220538.8767276
1552220547.945322
1552220576.7357304
1552220585.8025923
1552220589.0289454
1552220602.23656
1552220615.5383751
1552220621.7511888
1552220645.062
1552220646.9795287
1552220658.735248
1552220668.9916892
1552220677.9496834
1552220678.3342154
1552220700.303847
1552220705.0027342
1552220709.7248354
1552220738.711307
1552220743.3420615
1552220745.215694
1552220752.8267167
1552220757.4898772
1552220770.93723
1552220772.7386837
1552220783.0814931
1552220810.4241953
1552220838.303947
1552220851.4681168
1552220861.7968955
1552220870.857288
1552220876.8712645
1552220890.1298056
1552220900.4560459
1552220910.8885453
1552220912.701537
1552220928.711593
1552220967.8838727
1552221011.5205905
1552221014.8466833
1552221031.1535554
1552221040.1667843
1552221043.4877894
1552221085.3454723
1552221087.1704931
1552221130.2973588
1552221139.2064028
1552221152.6473453
1552221161.6061056
1552221163.3707538
1552221173.7385945
1552221175.6096132
1552221181.6961799
1552221190.672812
1552221218.2696545
1552221254.5094945
1552221297.8003438
1552221298.1928275
1552221311.406053
1552221317.4970489
1552221323.5035927
1552221338.1386325
1552221341.4680686
1552221341.901274
1552221346.7834704
1552221381.4651375
1552221409.1892126
1552221425.271077
1552221431.2068934
1552221438.8281202
1552221450.7106164
1552221462.5340445
1552221471.562606
1552221487.9801714
1552221502.6342669
1552221517.5630016
1552221525.1554115
1552221556.8475769
1552221557.3161268
1552221580.443254
1552221596.6472838
1552221609.9646063
1552221610.3932867
1552221630.9304216
1552221683.6881244
1552221684.0659122
1552221690.2922013
1552221710.7656143
1552221735.4425879
1552221737.293298
1552221741.9921246
1552221758.0550141
1552221758.4813304
1552221777.5549107
1552221779.4008155
1552221793.9668064
1552221810.1359277
1552221817.78314
1552221821.0868344
1552221821.4569468
1552221826.2780309
1552221841.1459694
1552221847.2580683
1552221863.257781
1552221901.0405493
1552221904.2506518
1552221907.5622964
1552221907.9538102
1552221919.8095152
1552221941.9421215
1552221950.9365733
1552221992.8570392
1552221993.2370956
1552222008.276366
1552222008.7189426
1552222009.165435
1552222032.3732903
1552222052.9904885
1552222054.8437703
1552222097.796004
1552222099.703276
1552222105.6955473
1552222106.1318178
1552222110.8927834
1552222159.8363717
1552222204.3628886
1552222227.254647
1552222248.8942215
1552222280.4809368
1552222282.3143973
1552222311.1005719
1552222334.69947
1552222336.6789346
1552222344.329413
1552222369.0260441
1552222388.541079
1552222388.9775674
1552222422.2624161
1552222439.6265032
1552222448.7476275
1552222449.143494
1552222470.7199159
1552222482.7888303
1552222483.2199268
1552222490.5568888
1552222502.3707273
1552222505.6264672
1552222514.7153833
1552222517.8962653
1552222521.1689239
1552222541.4942508
1552222546.270748
1552222548.1404064
1552222555.6417236
1552222629.4547422
1552222632.6243412
1552222650.3701203
1552222656.3492208
1552222662.3323336
1552222681.0983455
1552222694.4082084
1552222701.962389
1552222729.6131916
1552222752.9770486
1552222759.1547742
1552222762.4208848
1552222762.8113403
1552222774.6849551
1552222775.1073503
1552222795.7575464
1552222801.8018453
1552222803.5709665
1552222808.3573651
1552222808.8087997
1552222826.4936426
1552222829.6975238
1552222844.610489
1552222873.2815866
1552222885.048446
1552222886.870075
1552222897.3689952
1552222901.9654498
1552222911.1208885
1552222919.9626098
1552222938.9852445
1552222945.1585023
1552222982.4599848
1552222989.771731
1552222990.2046685
1552222990.6317472
1552223020.6390727
1552223025.1896365
1552223031.3221655
1552223033.2010512
1552223050.5878012
1552223073.9056716
1552223081.5312865
1552223081.9669726
1552223091.1194026
1552223102.9852448
1552223123.6864474
1552223125.4449992
1552223131.3599102
1552223173.289848
1552223179.4587302
1552223202.7224226
1552223205.9371092
1552223219.1893344
1552223219.5827303
1552223224.3514788
1552223236.1226661
1552223240.8767562
1552223259.8233676
1552223261.6063206
1552223263.3790877
1552223282.216639
1552223286.9360836
1552223294.5401237
1552223320.6148303
1552223331.0166726
1552223364.4557388
1552223366.295649
1552223421.2054374
1552223425.9664462
1552223429.2655962
1552223469.426857
1552223479.7607365
1552223484.5687704
1552223486.3723297
1552223501.159965
1552223503.0183716
1552223524.930867
1552223529.7052355
1552223530.1203935
1552223534.7224987
1552223550.883625
1552223565.7926042
1552223566.2276216
1552223568.0679812
1552223568.4689007
1552223576.2086866
1552223626.4137468
1552223632.59034
1552223671.3610547
1552223686.0127027
1552223689.3255503
1552223700.92287
1552223712.7475119
1552223714.5216107
1552223739.4497855
1552223742.696068
1552223747.3463175
1552223770.2387052
1552223786.1290069
1552223792.1357272
1552223816.8269398
1552223821.42619
1552223830.4918597
1552223839.573365
1552223869.8471782
1552223884.458219
1552223889.169656
1552223892.4466515
1552223928.6137888
1552223947.410229
1552223953.4543772
1552223982.615904
1552223991.455511
1552223993.277436
1552224009.40223
1552224012.6465018
1552224061.567224
1552224061.9938617
1552224062.4564924
1552224088.575973
1552224104.6709359
1552224127.9312117
1552224132.54855
1552224140.6705396
1552224195.4204237
1552224198.571218
1552224201.9380913
1552224246.7367482
1552224247.1049328
1552224249.0457017
1552224253.7418406
1552224275.673148
1552224294.3665466
1552224300.6100953
1552224301.0478108
1552224308.571613
1552224318.8856876
1552224323.5373168
1552224340.916554
1552224344.1748924
1552224356.0687764
1552224360.667887
1552224369.6030953
1552224377.0439787
1552224406.0296474
1552224422.4414508
1552224484.4679508
1552224499.0810096
1552224503.8861144
1552224512.8591955
1552224530.267375
1552224554.8631332
1552224576.4806037
1552224594.0198941
1552224649.055959
1552224660.8937616
1552224674.3366058
1552224686.0376458
1552224693.5022116
1552224702.7066185
1552224724.4816544
1552224747.93263
1552224755.5059834
1552224783.0806377
1552224808.82444
1552224809.1877131
1552224819.5856524
1552224821.3139672
1552224830.2446396
1552224832.1180997
1552224842.4186509
1552224848.341386
1552224853.0871336
1552224869.209549
1552224869.6388166
1552224885.7874577
1552224914.9375687
1552224920.9491856
1552224928.5822754
1552224936.063501
1552224937.8778996
1552224942.4724023
1552224955.6587467
1552224960.3133667
1552224979.313732
1552225006.894583
1552225010.1237764
1552225021.9710665
1552225026.605687
1552225027.02442
1552225031.8485343
1552225052.3030622
1552225061.2314577
1552225068.9019437
1552225069.293032
1552225079.953007
1552225118.6512122
1552225124.7418242
1552225132.2030234
1552225142.594871
1552225157.1920693
1552225166.0543892
1552225199.3590298
1552225215.3905652
1552225224.3615458
1552225224.742058
1552225229.5274582
1552225231.353458
1552225243.1964204
1552225263.6097546
1552225274.1090121
1552225275.9870236
1552225286.2608738
1552225286.658824
1552225294.268546
1552225333.1572382
1552225339.4934464
1552225339.8898509
1552225363.142329
1552225372.0641687
1552225385.203798
1552225402.697401
1552225405.936091
1552225410.5561812
1552225462.3190582
1552225519.659366
1552225528.6757617
1552225544.7019305
1552225545.1045253
1552225548.445477
1552225566.0257518
1552225570.5821333
1552225589.5603569
1552225598.6697164
1552225606.0571022
1552225619.1792004
1552225628.0904398
1552225637.0977833
1552225643.3960595
1552225656.8260052
1552225666.0967247
1552225699.5251458
1552225701.263959
1552225718.744225
1552225733.3516066
1552225735.2270112
1552225745.4636862
1552225754.37752
1552225779.262962
1552225792.668717
1552225802.9667122
1552225822.1380994
1552225825.412633
1552225827.2121408
1552225831.935276
1552225835.1089196
1552225879.4766958
1552225889.8807569
1552225921.6741357
1552225925.011627
1552225935.27506
1552225959.8556209
1552225963.18137
1552226043.8237655
1552226064.0596278
1552226064.402316
1552226083.359923
1552226097.936462
1552226105.370793
1552226110.1950238
1552226124.9520507
1552226146.872936
1552226148.6546855
1552226149.05595
1552226152.272496
1552226158.3928802
1552226163.0252216
1552226164.8969383
1552226180.8283548
1552226233.016562
1552226240.578479
1552226253.6947045
1552226264.1131167
1552226264.5380106
1552226274.8441114
1552226286.6175594
1552226288.4676025
1552226311.7415054
1552226317.8169472
1552226321.1654358
1552226358.5311317
1552226371.698039
1552226390.5883765
1552226392.4425995
1552226432.733623
1552226461.8880594
1552226469.3633606
1552226472.619161
1552226477.2787888
1552226477.693832
1552226479.5525415
1552226491.5300941
1552226500.4943242
1552226510.8713028
1552226521.20732
1552226555.7392972
1552226557.5550609
1552226560.8145826
1552226585.2056336
1552226608.4537506
1552226608.827887
1552226613.6984158
1552226615.4648805
1552226621.4890447
1552226644.8056512
1552226646.6734037
1552226665.8325965
1552226669.1020339
1552226675.1134427
1552226686.985875
1552226708.65667
1552226721.9585123
1552226726.5339878
1552226729.86032
1552226730.2806966
1552226735.1250093
1552226735.4704652
1552226767.2517374
1552226783.2616649
1552226789.344938
1552226815.506624
1552226834.5816052
1552226836.412017
1552226836.8314366
1552226843.247489
1552226865.100233
1552226866.8840601
1552226867.2244635
1552226872.1316428
1552226882.5859568
1552226915.7854614
1552226924.8212347
1552226929.4606159
1552226931.3210852
1552226933.2555847
1552226936.5099084
1552226985.0179346
1552226993.9264162
1552227023.0491378
1552227033.5091734
1552227045.4412336
1552227087.2184615
1552227096.2122679
1552227102.2884636
1552227108.4675732
1552227108.9213896
1552227115.2594237
1552227148.3513324
1552227158.6337485
1552227168.950854
1552227205.1593547
1552227212.756551
1552227261.507215
1552227264.8176742
1552227265.1741686
1552227282.97434
1552227289.0662034
1552227292.1599262
1552227298.2601538
1552227304.3096945
1552227304.683983
1552227322.3904414
1552227324.18395
1552227325.990856
1552227329.180694
1552227338.1453416
1552227338.5657368
1552227341.8860662
1552227342.2972927
1552227344.1650531
1552227347.4196608
1552227353.509605
1552227355.3309767
1552227418.8719006
1552227446.1554635
1552227467.89221
1552227481.1775045
1552227487.2101817
1552227502.0341556
1552227532.2446284
1552227532.620971
1552227537.331934
1552227553.6041515
1552227586.8651602
1552227600.2530084
1552227619.2891102
1552227628.1658804
1552227632.7561643
1552227640.2359934
1552227649.2828443
1552227686.5452573
1552227737.6091821
1552227751.0794563
1552227767.258833
1552227774.8303363
1552227780.8571966
1552227788.4421592
1552227811.8023977
1552227849.649856
1552227857.199766
1552227874.5491846
1552227879.2789855
1552227881.1487417
1552227891.5040603
1552227961.9324782
1552227962.3531897
1552227967.0733807
1552227971.6894033
1552227986.3173044
1552227988.130711
1552228007.0689626
1552228024.6353726
1552228037.780442
1552228042.4757457
1552228048.568807
1552228051.8546164
1552228086.5468035
1552228111.3420308
1552228118.8975122
1552228150.54809
1552228150.9443748
1552228202.8252277
1552228203.2020693
1552228217.9265368
1552228224.0036764
1552228234.3225665
1552228237.568266
1552228243.6308117
1552228261.2405663
1552228263.010622
1552228289.0897048
1552228307.8692884
1552228331.072624
1552228347.2056022
1552228347.584508
1552228363.934827
1552228388.4972434
1552228397.656188
1552228417.8626528
1552228431.2075095
1552228431.6590815
1552228433.5278218
1552228433.9265022
1552228461.660945
1552228470.7791164
1552228488.196798
1552228504.1344957
1552228517.3079612
1552228517.75323
1552228525.4904468
1552228533.0439625
1552228540.7480507
1552228551.2534208
1552228558.728746
1552228601.7487266
1552228605.052212
1552228611.267143
1552228626.0198686
1552228663.6018078
1552228689.359207
1552228689.8226495
1552228700.2561843
1552228719.117731
1552228719.557301
1552228728.7156088
1552228754.8773775
1552228762.4557714
1552228767.2942364
1552228779.205076
1552228788.2679555
1552228795.93952
1552228799.13607
1552228799.5296695
1552228805.7921689
1552228811.9602163
1552228819.3584473
1552228868.1078837
1552228896.949225
1552228898.72467
1552228918.9319563
1552228975.4324076
1552228978.7257514
1552228984.9708037
1552229085.0378642
1552229088.226786
1552229124.535917
1552229124.928843
1552229126.785755
1552229158.5495281
1552229187.7818794
1552229192.3471637
1552229205.5456288
1552229224.4144328
1552229226.2149477
1552229233.8119624
1552229234.2453296
1552229234.695777
1552229249.0444884
1552229265.2463503
1552229268.5156155
1552229294.6352055
1552229299.3211913
1552229302.6116605
1552229352.6860979
1552229358.6411273
1552229386.2489166
1552229386.5992281
1552229397.0344152
1552229398.7874281
1552229402.050289
1552229409.669281
1552229420.3071268
1552229425.0264366
1552229425.4827526
1552229440.26585
1552229447.9048626
1552229454.0517647
1552229461.6592462
1552229463.5501418
1552229463.9378965
1552229468.7409008
1552229470.6009946
1552229478.166868
1552229480.0021544
1552229488.9893653
1552229518.2162523
1552229527.1493528
1552229538.9302316
1552229542.3089833
1552229553.969293
1552229574.3599694
1552229609.3003976
1552229612.5430202
1552229615.7660108
1552229620.5153272
1552229633.8177464
1552229642.7890818
1552229643.2494078
1552229643.7043817
1552229674.0370529
1552229678.6467166
1552229706.2111409
1552229706.6155343
1552229711.2171385
1552229736.0004613
1552229752.2389965
1552229754.1407113
1552229763.2834084
1552229782.215537
1552229801.245005
1552229801.6658792
1552229803.4974182
1552229839.4939735
1552229861.4785037
1552229864.7324095
1552229869.499606
1552229899.7111926
1552229912.9696856
1552229943.5937054
1552229944.0771089
1552229950.1544998
1552229959.1105652
1552229978.1831458
1552230003.937803
1552230022.789298
1552230038.9909563
1552230050.6891658
1552230066.8126693
1552230118.6540406
1552230121.993367
1552230126.683812
1552230165.5167148
1552230177.5378022
1552230180.7705817
1552230186.853837
1552230195.8390899
1552230203.3990011
1552230211.0013785
1552230251.2761617
1552230289.9931898
1552230296.050114
1552230297.888092
1552230298.2978196
1552230318.6302934
1552230321.9952683
1552230332.4401126
1552230337.2048194
1552230343.2847598
1552230369.3483305
1552230379.8192775
1552230387.3712788
1552230393.4301064
1552230399.6219063
1552230401.4494064
1552230465.3096035
1552230474.1922438
1552230494.3184
1552230512.0802593
1552230516.6838124
1552230538.4748306
1552230540.2421613
1552230547.813474
1552230559.6369443
1552230568.6183708
1552230570.4876883
1552230575.0608876
1552230604.2033784
1552230604.5838282
1552230617.925569
1552230652.7114155
1552230654.5661554
1552230663.5197244
1552230679.827721
1552230684.5018487
1552230701.8337977
1552230705.066594
1552230712.5318055
1552230738.8140094
1552230757.6463168
1552230763.7082436
1552230775.6677294
1552230776.1208084
1552230782.400258
1552230799.7342684
1552230800.1378684
1552230812.034485
1552230829.6439166
1552230947.2296543
1552230963.3876898
1552230969.288632
1552230971.0675104
1552230984.266086
1552231007.266869
1552231010.526854
1552231012.2970161
1552231014.198704
1552231014.5583673
1552231029.579808
1552231047.1966515
1552231061.7794511
1552231079.6096852
1552231079.9840178
1552231096.0102546
1552231100.5545764
1552231100.9635687
1552231111.452834
1552231113.2587304
1552231136.502566
1552231155.7710795
1552231156.2401314
1552231166.7356691
1552231175.8605654
1552231186.2605956
1552231186.6447513
1552231200.2264576
1552231267.7602053
1552231269.688882
1552231318.7028522
1552231332.1127474
1552231345.400488
1552231350.0015578
1552231363.2231233
1552231376.6723106
